# d_a
0.000000000000000000e+00
4.291776414763553049e+01
8.479472465034031359e+01
1.256601012273864342e+02
1.655420501926281531e+02
2.044677148343028819e+02
2.424632728799880681e+02
2.795539812398023400e+02
3.157642182067324939e+02
3.511175232798591423e+02
3.856366347642756978e+02
4.193435252904061485e+02
4.522594353852824725e+02
4.844049052189625399e+02
5.157998046406228241e+02
5.464633616108924343e+02
5.764141891296472977e+02
6.056703107516486853e+02
6.342491847761604049e+02
6.621677271908256444e+02
6.894423334447130856e+02
7.160888991204466265e+02
7.421228395706922356e+02
7.675591085799977691e+02
7.924122161089751444e+02
8.166962451741321729e+02
8.404248679131944755e+02
8.636113608825825168e+02
8.862686196307171258e+02
9.084091725880579133e+02
9.300451943121963723e+02
9.511885181239345002e+02
9.718506481680175284e+02
9.920427709301172854e+02
1.011775766239702307e+03
1.031060217786618750e+03
1.049906423177501438e+03
1.068324403556552397e+03
1.086323912813733614e+03
1.103914446402051681e+03
1.121105249784289981e+03
1.137905326528368278e+03
1.154323446069331567e+03
1.170368151154957786e+03
1.186047764990931682e+03
1.201370398100642888e+03
1.216343954913776543e+03
1.230976140097035795e+03
1.245274464639604730e+03
1.259246251705205623e+03
1.272898642261960049e+03
1.286238600500611710e+03
1.299272919051099734e+03
1.312008224006885939e+03
1.324450979765949569e+03
1.336607493696848906e+03
1.348483920637804204e+03
1.360086267236318463e+03
1.371420396136446016e+03
1.382492030020440552e+03
1.393306755511158599e+03
1.403870026941241804e+03
1.414187169994813303e+03
1.424263385227089429e+03
1.434103751467060874e+03
1.443713229108107726e+03
1.453096663291179766e+03
1.462258786984932385e+03
1.471204223966991776e+03
1.479937491710303902e+03
1.488463004178348911e+03
1.496785074532789622e+03
1.504907917756971983e+03
1.512835653198516411e+03
1.520572307034089135e+03
1.528121814659296206e+03
1.535488023006509366e+03
1.542674692793287932e+03
1.549685500703949856e+03
1.556524041506733056e+03
1.563193830108855536e+03
1.569698303551707795e+03
1.576040822948285268e+03
1.582224675364892619e+03
1.588253075649059838e+03
1.594129168205521864e+03
1.599856028722027077e+03
1.605436665846699270e+03
1.610874022818543835e+03
1.616170979052696339e+03
1.621330351681880302e+03
1.626354897055521178e+03
1.631247312197895781e+03
1.636010236226627967e+03
1.640646251732807741e+03
1.645157886123952721e+03
1.649547612930974992e+03
1.653817853080291343e+03
1.657970976132149872e+03
1.662009301486224103e+03
1.665935099555466650e+03
1.669750592909201714e+03
1.673457957386375256e+03
1.677059323179864577e+03
1.680556775892710448e+03
1.683952357567105537e+03
1.687248067686939066e+03
1.690445864154677338e+03
1.693547664243323879e+03
1.696555345524184759e+03
1.699470746771135509e+03
1.702295668842057694e+03
1.705031875538107897e+03
1.707681094441432606e+03
1.710245017731954022e+03
1.712725302983798201e+03
1.715123573941945779e+03
1.717441421279650058e+03
1.719680403337159760e+03
1.721842046842253239e+03
1.723927847613092354e+03
1.725939271243874146e+03
1.727877753773748964e+03
1.729744702339460218e+03
1.731541495812141648e+03
1.733269485418703880e+03
1.734929995348214561e+03
1.736524323343683136e+03
1.738053741279626820e+03
1.739519495725804063e+03
1.740922808497474534e+03
1.742264877192543281e+03
1.743546875715930355e+03
1.744769954791503551e+03
1.745935242461893495e+03
1.747043844576509173e+03
1.748096845268059269e+03
1.749095307417872391e+03
1.750040273110309499e+03
1.750932764076543890e+03
1.751773782127984532e+03
1.752564309579603332e+03
1.753305309663425533e+03
1.753997726932434034e+03
1.754642487832309143e+03
1.755240500554901701e+03
1.755792655945519527e+03
1.756299827696615466e+03
1.756762872705553036e+03
1.757182631425846921e+03
1.757559928210376256e+03
1.757895571646779672e+03
1.758190354885212855e+03
1.758445055958669172e+03
1.758660438096037524e+03
1.758837250028083645e+03
1.758976226286526071e+03
1.759078087496373200e+03
1.759143540661691532e+03
1.759173279444961963e+03
1.759167984440181726e+03
1.759128323439862697e+03
1.759054951696076614e+03
1.758948512175687483e+03
1.758809635809917836e+03
1.758638941738375024e+03
1.758437037547685350e+03
1.758204519504849486e+03
1.757941972785461076e+03
1.757649971696897410e+03
1.757329079896613393e+03
1.756979850605648153e+03
1.756602826817461619e+03
1.756198541502211810e+03
1.755767517806577416e+03
1.755310269249237763e+03
1.754827299912102490e+03
1.754319104627403476e+03
1.753786169160734744e+03
1.753228970390143104e+03
1.752647976481357546e+03
1.752043647059251043e+03
1.751416433375619590e+03
1.750766778473365775e+03
1.750095117347172618e+03
1.749401877100742468e+03
1.748687477100688739e+03
1.747952329127153462e+03
1.747196837521222278e+03
1.746421399329222822e+03
1.745626404443962883e+03
1.744812235742991334e+03
1.743979269223942083e+03
1.743127874137030403e+03
1.742258413114768700e+03
1.741371242298961306e+03
1.740466711465042863e+03
1.739545164143818056e+03
1.738606937740666581e+03
1.737652363652263602e+03
1.736681767380878455e+03
1.735695468646301379e+03
1.734693781495454914e+03
1.733677014409740195e+03
1.732645470410169537e+03
1.731599447160333966e+03
1.730539237067256408e+03
1.729465127380174636e+03
1.728377400287303317e+03
1.727276333010616554e+03
1.726162197898697514e+03
1.725035262517697902e+03
1.723895789740446844e+03
1.722744037833752827e+03
1.721580260543936902e+03
1.720404707180635796e+03
1.719217622698913146e+03
1.718019247779719080e+03
1.716809818908727948e+03
1.715589568453595575e+03
1.714358724739666968e+03
1.713117512124170162e+03
1.711866151068928048e+03
1.710604858211621377e+03
1.709333846435631358e+03
1.708053324938498235e+03
1.706763499299019031e+03
1.705464571543019929e+03
1.704156740207825578e+03
1.702840200405461019e+03
1.701515143884604413e+03
1.700181759091325603e+03
1.698840231228630728e+03
1.697490742314841327e+03
1.696133471240831341e+03
1.694768593826148162e+03
1.693396282874035933e+03
1.692016708225395178e+03
1.690630036811688569e+03
1.689236432706823507e+03
1.687836057178030842e+03
1.686429068735760211e+03
1.685015623182613126e+03
1.683595873661332689e+03
1.682169970701873808e+03
1.680738062267568239e+03
1.679300293800404916e+03
1.677856808265445352e+03
1.676407746194391621e+03
1.674953245728322372e+03
1.673493442659618722e+03
1.672028470473089328e+03
1.670558460386321258e+03
1.669083541389261654e+03
1.667603840283056570e+03
1.666119481718151746e+03
1.664630588231680349e+03
1.663137280284146527e+03
1.661639676295417303e+03
1.660137892680045525e+03
1.658632043881927530e+03
1.657122242408314833e+03
1.655608598863192810e+03
1.654091221980036835e+03
1.652570218653958364e+03
1.651045693973258949e+03
1.649517751250394213e+03
1.647986492052370068e+03
1.646452016230575055e+03
1.644914421950061978e+03
1.643373805718294079e+03
1.641830262413360288e+03
1.640283885311673885e+03
1.638734766115163893e+03
1.637182994977968747e+03
1.635628660532643835e+03
1.634071849915891107e+03
1.632512648793819380e+03
1.630951141386747395e+03
1.629387410493555990e+03
1.627821537515599402e+03
1.626253602480185236e+03
1.624683684063629244e+03
1.623111859613895604e+03
1.621538205172828839e+03
1.619962795497988964e+03
1.618385704084090094e+03
1.616807003184061159e+03
1.615226763829724632e+03
1.613645055852109863e+03
1.612061947901401936e+03
1.610477507466537645e+03
1.608891800894451308e+03
1.607304893408979524e+03
1.605716849129433513e+03
1.604127731088838345e+03
1.602537601251854312e+03
1.600946520532380646e+03
1.599354548810848655e+03
1.597761744951211313e+03
1.596168166817636120e+03
1.594573871290903298e+03
1.592978914284517259e+03
1.591383350760539088e+03
1.589787234745139131e+03
1.588190619343880599e+03
1.586593556756738280e+03
1.584996098292854867e+03
1.583398294385040344e+03
1.581800194604024000e+03
1.580201847672456324e+03
1.578603301478670573e+03
1.577004603090207183e+03
1.575405798767106035e+03
1.573806933974967706e+03
1.572208053397794401e+03
1.570609200950606464e+03
1.569010419791846061e+03
1.567411752335568508e+03
1.565813240263424177e+03
1.564214924536436911e+03
1.562616845406581888e+03
1.561019042428168177e+03
1.559421554469025295e+03
1.557824419721502636e+03
1.556227675713281087e+03
1.554631359318004797e+03
1.553035506765728769e+03
1.551440153653194784e+03
1.549845334953933389e+03
1.548251085028193529e+03
1.546657437632709843e+03
1.545064425930302150e+03
1.543472082499317366e+03
1.541880439342911586e+03
1.540289527898178449e+03
1.538699379045125852e+03
1.537110023115501008e+03
1.535521489901470886e+03
1.533933808664158278e+03
1.532347008142035975e+03
1.530761116559181119e+03
1.529176161633394713e+03
1.527592170584187443e+03
1.526009170140630204e+03
1.524427186549080261e+03
1.522846245580777122e+03
1.521266372539314489e+03
1.519687592267988975e+03
1.518109929157031274e+03
1.516533407150714766e+03
1.514958049754350895e+03
1.513383880041170414e+03
1.511810920659090243e+03
1.510239193837372795e+03
1.508668721393175701e+03
1.507099524737994898e+03
1.505531624884004486e+03
1.503965042450292458e+03
1.502399797668996598e+03
1.500835910391341258e+03
1.499273400093575674e+03
1.497712285882818378e+03
1.496152586502805661e+03
1.494594320339548403e+03
1.493037505426899543e+03
1.491482159452028327e+03
1.489928299760812024e+03
1.488375943363137367e+03
1.486825106938119006e+03
1.485275806839233610e+03
1.483728059099375287e+03
1.482181879435824840e+03
1.480637283255145803e+03
1.479094285657999308e+03
1.477552901443882320e+03
1.476013145115793805e+03
1.474475030884824037e+03
1.472938572674672514e+03
1.471403784126094251e+03
1.469870678601276268e+03
1.468339269188145181e+03
1.466809568704606818e+03
1.465281589702717611e+03
1.463755344472793922e+03
1.462230845047454295e+03
1.460708103205598491e+03
1.459187130476324910e+03
1.457667938142787307e+03
1.456150537245989426e+03
1.454634938588522800e+03
1.453121152738243836e+03
1.451609190031896105e+03
1.450099060578673289e+03
1.448590774263731191e+03
1.447084340751639502e+03
1.445579769489785804e+03
1.444077069711722743e+03
1.442576250440464946e+03
1.441077320491735236e+03
1.439580288477160138e+03
