# d_c
0.000000000000000000e+00
4.334694178911188800e+01
8.649061914334711787e+01
1.294299042642080337e+02
1.721637322003332997e+02
2.146911005760180444e+02
2.570110692527873653e+02
2.991227599265885146e+02
3.410253556632711138e+02
3.827181003750465038e+02
4.242002982407033187e+02
4.654713130723508812e+02
5.065305676315164192e+02
5.473775428974275883e+02
5.880117772903100786e+02
6.284328658525262199e+02
6.686404593903907880e+02
7.086342635794288753e+02
7.484140380358692255e+02
7.879795953570824167e+02
8.273308001336556572e+02
8.664675679357403624e+02
9.053898642762445661e+02
9.440977035533971957e+02
9.825911479751291608e+02
1.020870306467665159e+03
1.058935333570625062e+03
1.096786428320879850e+03
1.134423833127317948e+03
1.171847832638594809e+03
1.209058752605855261e+03
1.246056958742354254e+03
1.282842855581783169e+03
1.319416885337056101e+03
1.355779526761201168e+03
1.391931294011935279e+03
1.427872735521401864e+03
1.463604432872476991e+03
1.499126999682952373e+03
1.534441080498851989e+03
1.569547349698005974e+03
1.604446510404999344e+03
1.639139293418450734e+03
1.673626456151589537e+03
1.707908781586941586e+03
1.741987077245932142e+03
1.775862174174113761e+03
1.809534925942642531e+03
1.843006207666614955e+03
1.876276915040756421e+03
1.909347963392940073e+03
1.942220286755923553e+03
1.974894836957671487e+03
2.007372582730535669e+03
2.039654508839562368e+03
2.071741615230115713e+03
2.103634916194974721e+03
2.135335439561019939e+03
2.166844225895584714e+03
2.198162327732500216e+03
2.229290808817853758e+03
2.260230743375399015e+03
2.290983215391597696e+03
2.321549317920155772e+03
2.351930152405980152e+03
2.382126828028377531e+03
2.412140461063358543e+03
2.441972174264837122e+03
2.471623096264546348e+03
2.501094360990413406e+03
2.530387107103193557e+03
2.559502477451070263e+03
2.588441618541991829e+03
2.617205680033433509e+03
2.645795814239314950e+03
2.674213175653768303e+03
2.702458920491456411e+03
2.730534206244119559e+03
2.758440191253030662e+03
2.786178034297052363e+03
2.813748894195940011e+03
2.841153929428591255e+03
2.868394297765879401e+03
2.895471155917753549e+03
2.922385659194269920e+03
2.949138961180215574e+03
2.975732213422970290e+03
3.002166565133327822e+03
3.028443162898862283e+03
3.054563150409596346e+03
3.080527668195572460e+03
3.106337853376045587e+03
3.131994839419959590e+03
3.157499755917392122e+03
3.182853728361646972e+03
3.208057877941708284e+03
3.233113321344711039e+03
3.258021170568174057e+03
3.282782532741656723e+03
3.307398509957586157e+03
3.331870199110933299e+03
3.356198691747495104e+03
3.380385073920478135e+03
3.404430426055125281e+03
3.428335822821129568e+03
3.452102333012565850e+03
3.475731019435094368e+03
3.499222938800182419e+03
3.522579141626113596e+03
3.545800672145545832e+03
3.568888568219384524e+03
3.591843861256742457e+03
3.614667576140788697e+03
3.637360731160251362e+03
3.659924337946381911e+03
3.682359401415166758e+03
3.704666919714602955e+03
3.726847884176840580e+03
3.748903279275007662e+03
3.770834082584534372e+03
3.792641264748803678e+03
3.814325789448962041e+03
3.835888613377722322e+03
3.857330686216996128e+03
3.878652950619197782e+03
3.899856342192083503e+03
3.920941789486964353e+03
3.941910213990160628e+03
3.962762530117549431e+03
3.983499645212091309e+03
4.004122459544191315e+03
4.024631866314774925e+03
4.045028751660958733e+03
4.065313994664203165e+03
4.085488467360830327e+03
4.105553034754796499e+03
4.125508554832620575e+03
4.145355878580357967e+03
4.165095850002536281e+03
4.184729306142940004e+03
4.204257077107163241e+03
4.223679986086844110e+03
4.242998849385489848e+03
4.262214476445814398e+03
4.281327670310834037e+03
4.300339226359509667e+03
4.319249933625977974e+03
4.338060574410639674e+03
4.356771924309771748e+03
4.375384752250359270e+03
4.393899820525940413e+03
4.412317884833416429e+03
4.430639694310736559e+03
4.448865991575433327e+03
4.466997512763935447e+03
4.485034987571612874e+03
4.502979139293506705e+03
4.520830684865679359e+03
4.538590334907164106e+03
4.556258793762451205e+03
4.573836759544472443e+03
4.591324924178042238e+03
4.608723973443720752e+03
4.626034587022058076e+03
4.643257438538183123e+03
4.660393195606694462e+03
4.677442519876843107e+03
4.694406067077948137e+03
4.711284487065035137e+03
4.728078423864653814e+03
4.744788515720856594e+03
4.761415395141306362e+03
4.777959688943495166e+03
4.794422018301038406e+03
4.810802998790022684e+03
4.827103240435403677e+03
4.843323347757402189e+03
4.859463919817907481e+03
4.875525550266843311e+03
4.891508827388499412e+03
4.907414334147801128e+03
4.923242648236495370e+03
4.938994342119247449e+03
4.954669983079625126e+03
4.970270133265969889e+03
4.985795349737116339e+03
5.001246184507970611e+03
5.016623184594930535e+03
5.031926892061120270e+03
5.047157844061453943e+03
5.062316572887492839e+03
5.077403606012105229e+03
5.092419466133910646e+03
5.107364671221498611e+03
5.122239734557419979e+03
5.137045164781936364e+03
5.151781465936526729e+03
5.166449137507139312e+03
5.181048674467186174e+03
5.195580567320268528e+03
5.210045302142635592e+03
5.224443360625367859e+03
5.238775220116273886e+03
5.253041353661513313e+03
5.267242230046915211e+03
5.281378313839018119e+03
5.295450065425804496e+03
5.309457941057135940e+03
5.323402392884894653e+03
5.337283869002804749e+03
5.351102813485962542e+03
5.364859666430040306e+03
5.378554863990194463e+03
5.392188838419646345e+03
5.405762018107961921e+03
5.419274827619002281e+03
5.432727687728565797e+03
5.446121015461709248e+03
5.459455224129755152e+03
5.472730723366969869e+03
5.485947919166934298e+03
5.499107213918586240e+03
5.512209006441948986e+03
5.525253692023537042e+03
5.538241662451446246e+03
5.551173306050119209e+03
5.564049007714802428e+03
5.576869148945675079e+03
5.589634107881668569e+03
5.602344259333966875e+03
5.614999974819194904e+03
5.627601622592287640e+03
5.640149567679053689e+03
5.652644171908421413e+03
5.665085793944376746e+03
5.677474789317596333e+03
5.689811510456760516e+03
5.702096306719581662e+03
5.714329524423506882e+03
5.726511506876131534e+03
5.738642594405304408e+03
5.750723124388942779e+03
5.762753431284536418e+03
5.774733846658371476e+03
5.786664699214446046e+03
5.798546314823111061e+03
5.810379016549401058e+03
5.822163124681095724e+03
5.833898956756483130e+03
5.845586827591845577e+03
5.857227049308665300e+03
5.868819931360543706e+03
5.880365780559850464e+03
5.891864901104094315e+03
5.903317594602020108e+03
5.914724160099439359e+03
5.926084894104782506e+03
5.937400090614402870e+03
5.948670041137594126e+03
5.959895034721363118e+03
5.971075357974938925e+03
5.982211295094016350e+03
5.993303127884758396e+03
6.004351135787533167e+03
6.015355595900408844e+03
6.026316783002394914e+03
6.037234969576443291e+03
6.048110425832198416e+03
6.058943419728516346e+03
6.069734216995728275e+03
6.080483081157688503e+03
6.091190273553566840e+03
6.101856053359427278e+03
6.112480677609561099e+03
6.123064401217603518e+03
6.133607476997414778e+03
6.144110155683751145e+03
6.154572685952699430e+03
6.164995314441905975e+03
6.175378285770577349e+03
6.185721842559278230e+03
6.196026225449505546e+03
6.206291673123063447e+03
6.216518422321219987e+03
6.226706707863662814e+03
6.236856762667257499e+03
6.246968817764587584e+03
6.257043102322317282e+03
6.267079843659331345e+03
6.277079267264707596e+03
6.287041596815467528e+03
6.296967054194162301e+03
6.306855859506248635e+03
6.316708231097290081e+03
6.326524385569968217e+03
6.336304537800911930e+03
6.346048900957342994e+03
6.355757686513551562e+03
6.365431104267177943e+03
6.375069362355333396e+03
6.384672667270544480e+03
6.394241223876521872e+03
6.403775235423759113e+03
6.413274903564973101e+03
6.422740428370361769e+03
6.432172008342717163e+03
6.441569840432358433e+03
6.450934120051919308e+03
6.460265041090964587e+03
6.469562795930458378e+03
6.478827575457070452e+03
6.488059569077335254e+03
6.497258964731653577e+03
6.506425948908147802e+03
6.515560706656367074e+03
6.524663421600846959e+03
6.533734275954522673e+03
6.542773450531997696e+03
6.551781124762675972e+03
6.560757476703746761e+03
6.569702683053034889e+03
6.578616919161710030e+03
6.587500359046870472e+03
6.596353175403977730e+03
6.605175539619171104e+03
6.613967621781444905e+03
6.622729590694700164e+03
6.631461613889660839e+03
6.640163857635673594e+03
6.648836486952373889e+03
6.657479665621232925e+03
6.666093556196979989e+03
6.674678320018905652e+03
6.683234117222044006e+03
6.691761106748235761e+03
6.700259446357075831e+03
6.708729292636748141e+03
6.717170801014739482e+03
6.725584125768442391e+03
6.733969420035656185e+03
6.742326835824958835e+03
6.750656524025988801e+03
6.758958634419605005e+03
6.767233315687949471e+03
6.775480715424397204e+03
6.783700980143407833e+03
6.791894255290266301e+03
6.800060685250736242e+03
6.808200413360591483e+03
6.816313581915071154e+03
6.824400332178216559e+03
6.832460804392122554e+03
6.840495137786089799e+03
6.848503470585678770e+03
6.856485940021672832e+03
6.864442682338950362e+03
6.872373832805257734e+03
6.880279525719901358e+03
6.888159894422339676e+03
6.896015071300694217e+03
6.903845187800168787e+03
6.911650374431383170e+03
6.919430760778621334e+03
6.927186475507990508e+03
6.934917646375505683e+03
6.942624400235083158e+03
6.950306863046452236e+03
6.957965159882992339e+03
6.965599414939482813e+03
6.973209751539777244e+03
6.980796292144398649e+03
6.988359158358057357e+03
6.995898470937094316e+03
7.003414349796840725e+03
7.010906914018916723e+03
7.018376281858440962e+03
7.025822570751178318e+03
7.033245897320610311e+03
7.040646377384934567e+03
7.048024125963991537e+03
7.055379257286126631e+03
7.062711884794979596e+03
7.070022121156204776e+03
7.077310078264125877e+03
7.084575867248322538e+03
7.091819598480153218e+03
7.099041381579208064e+03
7.106241325419702662e+03
7.113419538136801748e+03
7.120576127132889269e+03
7.127711199083762040e+03
7.134824859944777927e+03
7.141917214956928547e+03
7.148988368652859208e+03
7.156038424862831562e+03
7.163067486720616216e+03
7.170075656669338059e+03
7.177063036467262464e+03
7.184029727193516010e+03
7.190975829253759002e+03
7.197901442385800692e+03
