# d_l
0.000000000000000000e+00
4.378041120700300581e+01
8.822043152621405682e+01
1.333128013921342756e+02
1.790502814883466272e+02
2.254256556048189566e+02
2.724317334079545958e+02
3.200613531214497129e+02
3.683073841163328552e+02
4.171627294088007147e+02
4.666203280647736733e+02
5.166731575103095793e+02
5.673142357472984258e+02
6.185366234740930622e+02
6.703334261109536101e+02
7.226977957304051188e+02
7.756229328928532141e+02
8.291020883879317580e+02
8.831285648823256906e+02
9.376957184749280714e+02
9.927969601603867886e+02
1.048425757202245904e+03
1.104575634417018364e+03
1.161240175370678571e+03
1.218413023489160196e+03
1.276087883084581335e+03
1.334258520298987605e+03
1.392918763967517407e+03
1.452062506402967074e+03
1.511683704103787250e+03
1.571776378387611885e+03
1.632334615952484228e+03
1.693352569367953947e+03
1.754824457498284801e+03
1.816744565860009743e+03
1.879107246916112672e+03
1.941906920309106454e+03
2.005138073035293701e+03
2.068795259562474257e+03
2.132873101893404510e+03
2.197366289577208136e+03
2.262269579671049087e+03
2.327577796654200029e+03
2.393285832296773151e+03
2.459388645485195866e+03
2.525881262006601446e+03
2.592758774294205978e+03
2.660016341135684343e+03
2.727649187346590224e+03
2.795652603410726897e+03
2.864021945089410110e+03
2.932752633001444792e+03
3.001840152175660478e+03
3.071280051577719405e+03
3.141067943612926229e+03
3.211199503606679627e+03
3.281670469264160602e+03
3.352476640110801327e+03
3.423613876915023866e+03
3.495078101094674821e+03
3.566865294108566104e+03
3.638971496834391928e+03
3.711392808934388540e+03
3.784125388209853554e+03
3.857165449945807723e+03
3.930509266246822790e+03
4.004153165365175482e+03
4.078093531022277602e+03
4.152326801724438155e+03
4.226849470073798329e+03
4.301658082075429775e+03
4.376749236441330140e+03
4.452119583892225819e+03
4.527765826457840376e+03
4.603684716776408095e+03
4.679873057394094758e+03
4.756327700064963210e+03
4.833045545052091256e+03
4.910023540430394860e+03
4.987258681391724167e+03
5.064748009552692565e+03
5.142488612265749907e+03
5.220477621933900991e+03
5.298712215329489482e+03
5.377189612917456543e+03
5.455907078183398880e+03
5.534861916966724493e+03
5.614051476799323609e+03
5.693473146249861202e+03
5.773124354274137659e+03
5.853002569571587628e+03
5.933105299948247193e+03
6.013430091686322157e+03
6.093974528920567536e+03
6.174736233021594671e+03
6.255712861986331518e+03
6.336902109835633382e+03
6.418301706019302401e+03
6.499909414828480294e+03
6.581723034815596293e+03
6.663740398221866599e+03
6.745959370412464523e+03
6.828377849319365851e+03
6.910993764891904902e+03
6.993805078555104046e+03
7.076809782675759379e+03
7.160005900036294406e+03
7.243391483316378981e+03
7.326964614582316244e+03
7.410723404784190279e+03
7.494665993260708092e+03
7.578790547251727730e+03
7.663095261418472546e+03
7.747578357371335187e+03
7.832238083205257681e+03
7.917072713042609394e+03
8.002080546583542855e+03
8.087259908663743772e+03
8.172609148819515212e+03
8.258126640860129555e+03
8.343810782447368183e+03
8.429659994682206161e+03
8.515672721698541864e+03
8.601847430263900605e+03
8.688182609387004049e+03
8.774676769932188108e+03
8.861328444240538374e+03
8.948136185757664862e+03
9.035098568668014195e+03
9.122214187535690144e+03
9.209481656951638797e+03
9.296899611187131086e+03
9.384466703853426225e+03
9.472181607567594256e+03
9.560043013624343075e+03
9.648049631673771728e+03
9.736200189404986304e+03
9.824493432235449291e+03
9.912928123006035094e+03
1.000150304168162802e+04
1.009021698505719360e+04
1.017906876646929413e+04
1.026805721551288480e+04
1.035718117776332838e+04
1.044643951555843523e+04
1.053583110458079864e+04
1.062535483671990551e+04
1.071500961879427814e+04
1.080479437228823372e+04
1.089470803310339579e+04
1.098474955131485149e+04
1.107491789093187435e+04
1.116521202966305646e+04
1.125563095868584787e+04
1.134617368242039629e+04
1.143683921830761210e+04
1.152762659659137717e+04
1.161853486010479719e+04
1.170956306406048316e+04
1.180071027584474723e+04
1.189197557481562944e+04
1.198335805210469152e+04
1.207485681042254873e+04
1.216647096386801240e+04
1.225819963774080315e+04
1.235004196835774201e+04
1.244199710287240305e+04
1.253406419909812030e+04
1.262624242533429242e+04
1.271853096019591794e+04
1.281092899244631371e+04
1.290343572083294021e+04
1.299605035392630634e+04
1.308877210996183567e+04
1.318160021668466288e+04
1.327453391119736079e+04
1.336757243981042848e+04
1.346071505789560433e+04
1.355396102974182577e+04
1.364730962841391374e+04
1.374076013561384207e+04
1.383431184154455150e+04
1.392796404477627948e+04
1.402171605211534006e+04
1.411556717847535401e+04
1.420951674675078175e+04
1.430356408769279733e+04
1.439770853978745072e+04
1.449194944913602558e+04
1.458628616933760168e+04
1.468071806137373096e+04
1.477524449349522729e+04
1.486986484111101890e+04
1.496457848667898907e+04
1.505938481959881392e+04
1.515428323610671396e+04
1.524927313917211904e+04
1.534435393839620338e+04
1.543952504991221394e+04
1.553478589628760346e+04
1.563013590642790587e+04
1.572557451548235804e+04
1.582110116475114773e+04
1.591671530159438589e+04
1.601241637934262326e+04
1.610820385720900413e+04
1.620407720020296256e+04
1.630003587904540655e+04
1.639607937008547742e+04
1.649220715521866441e+04
1.658841872180648352e+04
1.668471356259742606e+04
1.678109117564940607e+04
1.687755106425349368e+04
1.697409273685900189e+04
1.707071570699985750e+04
1.716741949322226719e+04
1.726420361901361684e+04
1.736106761273262237e+04
1.745801100754063373e+04
1.755503334133419048e+04
1.765213415667866138e+04
1.774931300074307728e+04
1.784656942523602629e+04
1.794390298634268765e+04
1.804131324466288788e+04
1.813879976515025555e+04
1.823636211705235837e+04
1.833399987385187342e+04
1.843171261320875055e+04
1.852949991690334355e+04
1.862736137078047250e+04
1.872529656469445763e+04
1.882330509245504436e+04
1.892138655177421606e+04
1.901954054421394903e+04
1.911776667513471330e+04
1.921606455364499197e+04
1.931443379255145192e+04
1.941287400831008563e+04
1.951138482097803353e+04
1.960996585416629750e+04
1.970861673499311291e+04
1.980733709403821558e+04
1.990612656529769447e+04
2.000498478613973566e+04
2.010391139726092661e+04
2.020290604264340436e+04
2.030196836951256046e+04
2.040109802829554246e+04
2.050029467258032673e+04
2.059955795907551146e+04
2.069888754757067363e+04
2.079828310089745355e+04
2.089774428489115235e+04
2.099727076835300977e+04
2.109686222301302769e+04
2.119651832349341566e+04
2.129623874727258590e+04
2.139602317464969383e+04
2.149587128870977904e+04
2.159578277528939725e+04
2.169575732294282716e+04
2.179579462290874653e+04
2.189589436907749041e+04
2.199605625795874221e+04
2.209627998864978508e+04
2.219656526280416801e+04
2.229691178460093943e+04
2.239731926071423732e+04
2.249778740028344691e+04
2.259831591488373306e+04
2.269890451849707097e+04
2.279955292748366264e+04
2.290026086055383712e+04
2.300102803874030360e+04
2.310185418537090663e+04
2.320273902604167597e+04
2.330368228859040755e+04
2.340468370307048826e+04
2.350574300172525909e+04
2.360685991896261476e+04
2.370803419133010175e+04
2.380926555749027466e+04
2.391055375819646360e+04
2.401189853626894183e+04
2.411329963657130793e+04
2.421475680598737017e+04
2.431626979339820537e+04
2.441783834965971255e+04
2.451946222758032309e+04
2.462114118189917644e+04
2.472287496926449239e+04
2.482466334821235068e+04
2.492650607914567445e+04
2.502840292431360285e+04
2.513035364779107840e+04
2.523235801545880167e+04
2.533441579498336796e+04
2.543652675579778224e+04
2.553869066908217792e+04
2.564090730774485201e+04
2.574317644640350773e+04
2.584549786136684270e+04
2.594787133061626082e+04
2.605029663378800979e+04
2.615277355215537682e+04
2.625530186861131369e+04
2.635788136765113450e+04
2.646051183535557357e+04
2.656319305937398531e+04
2.666592482890784595e+04
2.676870693469441176e+04
2.687153916899065007e+04
2.697442132555736316e+04
2.707735319964351584e+04
2.718033458797081403e+04
2.728336528871842893e+04
2.738644510150798305e+04
2.748957382738869637e+04
2.759275126882274708e+04
2.769597722967079972e+04
2.779925151517779886e+04
2.790257393195882833e+04
2.800594428798528679e+04
2.810936239257113994e+04
2.821282805635941986e+04
2.831634109130884826e+04
2.841990131068068513e+04
2.852350852902568295e+04
2.862716256217130649e+04
2.873086322720898534e+04
2.883461034248167562e+04
2.893840372757145087e+04
2.904224320328734393e+04
2.914612859165327609e+04
2.925005971589621913e+04
2.935403640043441192e+04
2.945805847086577705e+04
2.956212575395653403e+04
2.966623807762981960e+04
2.977039527095461017e+04
2.987459716413465503e+04
2.997884358849761338e+04
3.008313437648431864e+04
3.018746936163816645e+04
3.029184837859458639e+04
3.039627126307079379e+04
3.050073785185545421e+04
3.060524798279867173e+04
3.070980149480197360e+04
3.081439822780846953e+04
3.091903802279312367e+04
3.102372072175312496e+04
3.112844616769839558e+04
3.123321420464223047e+04
3.133802467759198043e+04
3.144287743253994995e+04
3.154777231645431675e+04
3.165270917727018605e+04
3.175768786388077569e+04
3.186270822612867414e+04
3.196777011479723296e+04
3.207287338160199579e+04
3.217801787918234913e+04
3.228320346109314050e+04
3.238842998179646747e+04
3.249369729665357227e+04
3.259900526191677636e+04
3.270435373472155334e+04
3.280974257307867811e+04
3.291517163586644892e+04
3.302064078282308765e+04
3.312614987453905633e+04
3.323169877244966483e+04
3.333728733882759116e+04
3.344291543677560549e+04
3.354858293021930876e+04
3.365428968389998772e+04
3.376003556336752081e+04
3.386582043497341510e+04
3.397164416586385778e+04
3.407750662397290580e+04
3.418340767801572656e+04
3.428934719748188218e+04
3.439532505262873747e+04
3.450134111447494797e+04
3.460739525479395525e+04
3.471348734610759129e+04
3.481961726167983579e+04
3.492578487551043509e+04
3.503199006232886313e+04
3.513823269758808601e+04
3.524451265745859564e+04
3.535082981882238528e+04
3.545718405926704872e+04
3.556357525707991590e+04
3.567000329124229756e+04
3.577646804142371548e+04
3.588296938797625626e+04
3.598950721192900528e+04
