# d_v
0.000000000000000000e+00
4.331310237793864104e+01
8.635464173471821425e+01
1.291226025983792738e+02
1.716150882891339791e+02
2.138303205425484350e+02
2.557666389698304386e+02
2.974225003615925402e+02
3.387964778416957188e+02
3.798872598779365148e+02
4.206936491565097640e+02
4.612145613272684272e+02
5.014490236269004981e+02
5.413961733871909701e+02
5.810552564355531331e+02
6.204256253950106839e+02
6.595067378907951934e+02
6.982981546706371319e+02
7.367995376457854491e+02
7.750106478596635498e+02
8.129313433909652531e+02
8.505615771978521025e+02
8.879013949097579825e+02
9.249509325731442004e+02
9.617104143573603778e+02
9.981801502265828958e+02
1.034360533583587312e+03
1.070252038890914037e+03
1.105855219274761339e+03
1.141170704116716252e+03
1.176199196638206331e+03
1.210941471482333100e+03
1.245398372297500146e+03
1.279570809327030929e+03
1.313459757008727365e+03
1.347066251588094929e+03
1.380391388748729241e+03
1.413436321263129457e+03
1.446202256666979565e+03
1.478690454959732961e+03
1.510902226334093029e+03
1.542838928936816501e+03
1.574501966663006215e+03
1.605892786985929206e+03
1.637012878824139989e+03
1.667863770447553634e+03
1.698447027423919280e+03
1.728764250606958285e+03
1.758817074167303190e+03
1.788607163667185205e+03
1.818136214179692161e+03
1.847405948453262226e+03
1.876418115121964547e+03
1.905174486961964249e+03
1.933676859194481949e+03
1.961927047835419216e+03
1.989926888091729779e+03
2.017678232804521031e+03
2.045182950938762588e+03
2.072442926119411368e+03
2.099460055213678970e+03
2.126236246959072105e+03
2.152773420636820447e+03
2.179073504790175775e+03
2.205138435987078083e+03
2.230970157626580658e+03
2.256570618788410229e+03
2.281941773124984593e+03
2.307085577795178324e+03
2.332003992439083049e+03
2.356698978193000130e+03
2.381172496743854481e+03
2.405426509422220079e+03
2.429462976333110873e+03
2.453283855523676721e+03
2.476891102186955777e+03
2.500286667900797966e+03
2.523472499901068204e+03
2.546450540388259469e+03
2.569222725866621204e+03
2.591790986514907217e+03
2.614157245587867237e+03
2.636323418847597168e+03
2.658291414023859943e+03
2.680063130302523859e+03
2.701640457841247553e+03
2.723025277311542595e+03
2.744219459466412900e+03
2.765224864732685546e+03
2.786043342827266770e+03
2.806676732396474563e+03
2.827126860677685727e+03
2.847395543182507026e+03
2.867484583400707834e+03
2.887395772524170297e+03
2.907130889190130347e+03
2.926691699242985123e+03
2.946079955513974255e+03
2.965297397618051036e+03
2.984345751767285037e+03
3.003226730600131759e+03
3.021942033025954061e+03
3.040493344084171895e+03
3.058882334817445098e+03
3.077110662158302603e+03
3.095179968828661913e+03
3.113091883251681793e+03
3.130848019475423371e+03
3.148449977107793075e+03
3.165899341262281723e+03
3.183197682514005919e+03
3.200346556865575167e+03
3.217347505722353617e+03
3.234202055876649410e+03
3.250911719500436448e+03
3.267477994146165656e+03
3.283902362755302420e+03
3.300186293674182707e+03
3.316331240676836842e+03
3.332338642994407110e+03
3.348209925350836329e+03
3.363946498004480873e+03
3.379549756795335270e+03
3.395021083197568714e+03
3.410361844377060606e+03
3.425573393253675476e+03
3.440657068567980787e+03
3.455614194952167054e+03
3.470446083004893353e+03
3.485154029369844466e+03
3.499739316817745021e+03
3.514203214331616891e+03
3.528546977195066574e+03
3.542771847083391549e+03
3.556879052157320984e+03
3.570869807159184802e+03
3.584745313511347831e+03
3.598506759416726254e+03
3.612155319961223086e+03
3.625692157217928525e+03
3.639118420352926023e+03
3.652435245732570820e+03
3.665643757032094072e+03
3.678745065345401599e+03
3.691740297668626226e+03
3.704630483912991167e+03
3.717416726075741735e+03
3.730100086043166357e+03
3.742681613682986608e+03
3.755162346958898979e+03
3.767543312045538642e+03
3.779825523443796101e+03
3.792009984096389417e+03
3.804097685503610137e+03
3.816089607839170185e+03
3.827986720066076941e+03
3.839789980052472401e+03
3.851500334687358645e+03
3.863118719996160053e+03
3.874646061256059966e+03
3.886083273111053586e+03
3.897431259686668454e+03
3.908690914704306579e+03
3.919863121595153189e+03
3.930948753613614372e+03
3.941948673950245848e+03
3.952863735844126040e+03
3.963694782694642072e+03
3.974442648172660029e+03
3.985108156331034479e+03
3.995692121714442237e+03
4.006195349468503082e+03
4.016618635448164241e+03
4.026962766325333632e+03
4.037228519695719115e+03
4.047416664184875572e+03
4.057527959553429810e+03
4.067563156801465993e+03
4.077522998272059340e+03
4.087408217753941244e+03
4.097219540583281741e+03
4.106957683744584756e+03
4.116623355970669763e+03
4.126217257841748506e+03
4.135740081883579478e+03
4.145192512664687456e+03
4.154575226892652609e+03
4.163888893509459194e+03
4.173134173785887469e+03
4.182311721414975182e+03
4.191422182604504087e+03
4.200466196168551505e+03
4.209444393618067807e+03
4.218357399250509843e+03
4.227205830238509407e+03
4.235990296717582169e+03
4.244711401872888018e+03
4.253369742025024607e+03
4.261965906714884113e+03
4.270500478787535940e+03
4.278974034475185363e+03
4.287387143479173574e+03
4.295740369051033667e+03
4.304034268072625309e+03
4.312269391135320802e+03
4.320446282618270743e+03
4.328565480765747452e+03
4.336627517763569813e+03
4.344632919814616798e+03
4.352582207213431502e+03
4.360475894419935685e+03
4.368314490132236642e+03
4.376098497358562781e+03
4.383828413488303340e+03
4.391504730362192277e+03
4.399127934341608125e+03
4.406698506377030753e+03
4.414216922075635921e+03
4.421683651768053096e+03
4.429099160574281086e+03
4.436463908468776935e+03
4.443778350344725368e+03
4.451042936077494232e+03
4.458258110587285046e+03
4.465424313900980451e+03
4.472541981213214058e+03
4.479611542946649934e+03
4.486633424811487203e+03
4.493608047864210675e+03
4.500535828565571137e+03
4.507417178837829852e+03
4.514252506121248189e+03
4.521042213429858748e+03
4.527786699406501612e+03
4.534486358377154829e+03
4.541141580404544584e+03
4.547752751341064140e+03
4.554320252881002489e+03
4.560844462612079042e+03
4.567325754066315312e+03
4.573764496770229016e+03
4.580161056294376976e+03
4.586515794302238646e+03
4.592829068598461163e+03
4.599101233176464120e+03
4.605332638265427704e+03
4.611523630376638721e+03
4.617674552349249097e+03
4.623785743395411373e+03
4.629857539144824841e+03
4.635890271688693247e+03
4.641884269623092223e+03
4.647839858091769202e+03
4.653757358828376709e+03
4.659637090198142687e+03
4.665479367238981467e+03
4.671284501702071793e+03
4.677052802091890044e+03
4.682784573705707771e+03
4.688480118672572644e+03
4.694139735991766429e+03
4.699763721570751841e+03
4.705352368262621894e+03
4.710905965903042670e+03
4.716424801346711320e+03
4.721909158503329309e+03
4.727359318373094538e+03
4.732775559081727806e+03
4.738158155915030875e+03
4.743507381352980701e+03
4.748823505103388015e+03
4.754106794135086602e+03
4.759357512710702395e+03
4.764575922418974187e+03
4.769762282206655982e+03
4.774916848409990052e+03
4.780039874785768916e+03
4.785131612541979848e+03
4.790192310368048311e+03
4.795222214464683020e+03
4.800221568573318109e+03
4.805190614005182397e+03
4.810129589669965753e+03
4.815038732104123483e+03
4.819918275498795992e+03
4.824768451727366482e+03
4.829589490372661203e+03
4.834381618753775911e+03
4.839145061952565811e+03
4.843880042839781709e+03
4.848586782100853270e+03
4.853265498261358516e+03
4.857916407712129512e+03
4.862539724734054289e+03
4.867135661522537703e+03
4.871704428211651248e+03
4.876246232897965456e+03
4.880761281664070339e+03
4.885249778601787511e+03
4.889711925835087641e+03
4.894147923542695025e+03
4.898557969980414782e+03
4.902942261503159898e+03
4.907300992586695429e+03
4.911634355849096210e+03
4.915942542071937169e+03
4.920225740221197157e+03
4.924484137467905384e+03
4.928717919208502281e+03
4.932927269084963882e+03
4.937112369004645188e+03
4.941273399159871587e+03
4.945410538047291084e+03
4.949523962486965502e+03
4.953613847641217944e+03
4.957680367033246512e+03
4.961723692565488818e+03
4.965743994537762774e+03
4.969741441665166349e+03
4.973716201095757242e+03
4.977668438427996989e+03
4.981598317727984977e+03
4.985506001546465086e+03
4.989391650935617690e+03
4.993255425465641565e+03
4.997097483241123882e+03
5.000917980917203749e+03
5.004717073715529295e+03
5.008494915440016484e+03
5.012251658492407842e+03
5.015987453887635638e+03
5.019702451268992263e+03
5.023396798923108690e+03
5.027070643794746502e+03
5.030724131501405282e+03
5.034357406347743563e+03
5.037970611339825155e+03
5.041563888199182657e+03
5.045137377376712720e+03
5.048691218066384863e+03
5.052225548218802032e+03
5.055740504554561994e+03
5.059236222577487752e+03
5.062712836587668789e+03
5.066170479694350433e+03
5.069609283828662228e+03
5.073029379756195340e+03
5.076430897089415339e+03
5.079813964299928557e+03
5.083178708730598373e+03
5.086525256607505980e+03
5.089853733051779273e+03
5.093164262091259843e+03
5.096456966672035378e+03
5.099731968669838352e+03
5.102989388901291932e+03
5.106229347135029457e+03
5.109451962102676589e+03
5.112657351509698856e+03
5.115845632046114588e+03
5.119016919397090533e+03
5.122171328253393767e+03
5.125308972321728106e+03
5.128429964334944088e+03
5.131534416062121636e+03
5.134622438318542663e+03
5.137694140975526352e+03
5.140749632970163475e+03
5.143789022314930662e+03
5.146812416107180070e+03
5.149819920538527185e+03
5.152811640904123124e+03
5.155787681611815970e+03
5.158748146191202977e+03
5.161693137302578180e+03
5.164622756745766310e+03
5.167537105468869413e+03
5.170436283576890673e+03
5.173320390340266385e+03
5.176189524203299698e+03
5.179043782792486127e+03
5.181883262924755400e+03
5.184708060615604154e+03
5.187518271087134963e+03
5.190313988776008955e+03
5.193095307341301123e+03
5.195862319672261947e+03
5.198615117895994445e+03
5.201353793385034805e+03
5.204078436764851176e+03
5.206789137921256042e+03
5.209485986007726751e+03
5.212169069452647818e+03
5.214838475966464102e+03
5.217494292548760313e+03
5.220136605495248659e+03
5.222765500404682825e+03
5.225381062185695555e+03
5.227983375063545282e+03
5.230572522586803643e+03
5.233148587633950228e+03
