# f_ap
0.000000000000000000e+00
1.002345654367337371e-02
2.009462720264465832e-02
3.021470310721010785e-02
4.038486110046344418e-02
5.060626325727419356e-02
6.088005643342322970e-02
7.120737184464404068e-02
8.158932467526608390e-02
9.202701371609070535e-02
1.025215210310852915e-01
1.130739116524219490e-01
1.236852333033473250e-01
1.343565161483245285e-01
1.450887725698491726e-01
1.558829969713033947e-01
1.667401656051880343e-01
1.776612364260309607e-01
1.886471489672597035e-01
1.996988242412927050e-01
2.108171646620911610e-01
2.220030539893993737e-01
2.332573572938827500e-01
2.445809209423724928e-01
2.559745726024100776e-01
2.674391212652908467e-01
2.789753572867945119e-01
2.905840524447996787e-01
3.022659600129810609e-01
3.140218148497892492e-01
3.258523335019244405e-01
3.377582143215252519e-01
3.497401375963024583e-01
3.617987656918605355e-01
3.739347432054621612e-01
3.861486971305110316e-01
3.984412370310352336e-01
4.108129552254844996e-01
4.232644269791529523e-01
4.357962107045790789e-01
4.484088481692747319e-01
4.611028647101748090e-01
4.738787694541914397e-01
4.867370555443146785e-01
4.996782003706798370e-01
5.127026658060821473e-01
5.258108984454117341e-01
5.390033298485172875e-01
5.522803767860232638e-01
5.656424414876470852e-01
5.790899118925825206e-01
5.926231619015356333e-01
6.062425516300236072e-01
6.199484276625589763e-01
6.337411233073660943e-01
6.476209588512991111e-01
6.615882418146384891e-01
6.756432672054721866e-01
6.897863177733795093e-01
7.040176642621510661e-01
7.183375656613036897e-01
7.327462694561485135e-01
7.472440118762120331e-01
7.618310181417908833e-01
7.765075027084733517e-01
7.912736695094355621e-01
8.061297121953713285e-01
8.210758143718948077e-01
8.361121498342968250e-01
8.512388827995146512e-01
8.664561681352228595e-01
8.817641515859312440e-01
8.971629699960105286e-01
9.126527515295559390e-01
9.282336158870236886e-01
9.439056745185832042e-01
9.596690308341154774e-01
9.755237804098343402e-01
9.914700111914690472e-01
1.007507803693995285e+00
1.023637231197881414e+00
1.039858359941832511e+00
1.056171249312021221e+00
1.072575952027799762e+00
1.089072514323885077e+00
1.105660976129034800e+00
1.122341371241194707e+00
1.139113727499169393e+00
1.155978066950787309e+00
1.172934406017617448e+00
1.189982755656235458e+00
1.207123121516079811e+00
1.224355504093914027e+00
1.241679898884942013e+00
1.259096296530589632e+00
1.276604682963015325e+00
1.294205039546353131e+00
1.311897343214766920e+00
1.329681566607319398e+00
1.347557678199725606e+00
1.365525642433022213e+00
1.383585419839201025e+00
1.401736967163850656e+00
1.419980237485853891e+00
1.438315180334192256e+00
1.456741741801896195e+00
1.475259864657204822e+00
1.493869488451962990e+00
1.512570549627324068e+00
1.531362981616803509e+00
1.550246714946723392e+00
1.569221677334099674e+00
1.588287793782039214e+00
1.607444986672672105e+00
1.626693175857681473e+00
1.646032278746474065e+00
1.665462210392048226e+00
1.684982883574600132e+00
1.704594208882915796e+00
1.724296094793605905e+00
1.744088447748209036e+00
1.763971172228246509e+00
1.783944170828228870e+00
1.804007344326706619e+00
1.824160591755362049e+00
1.844403810466229920e+00
1.864736896197068505e+00
1.885159743134916521e+00
1.905672243977902136e+00
1.926274289995321576e+00
1.946965771086052843e+00
1.967746575835313205e+00
1.988616591569833725e+00
2.009575704411464159e+00
2.030623799329269730e+00
2.051760760190121324e+00
2.072986469807865273e+00
2.094300809991054724e+00
2.115703661589333873e+00
2.137194904538460172e+00
2.158774417904027576e+00
2.180442079923907706e+00
2.202197768049469762e+00
2.224041358985573869e+00
2.245972678163616454e+00
2.267991701467814369e+00
2.290098253598214839e+00
2.312292208650524650e+00
2.334573440156864521e+00
2.356941821119145519e+00
2.379397224041425396e+00
2.401939520961329677e+00
2.424568583480472217e+00
2.447284282793968035e+00
2.470086489719063305e+00
2.492975078685060186e+00
2.515949911957704010e+00
2.539010863299747012e+00
2.562157802285853325e+00
2.585390598243179294e+00
2.608709120275070958e+00
2.632113237283999485e+00
2.655602817993803821e+00
2.679177730971197491e+00
2.702837844646626131e+00
2.726583027334410492e+00
2.750413147252300572e+00
2.774328072540359624e+00
2.798327671279254858e+00
2.822411812977370094e+00
2.846580362725866120e+00
2.870833189984900446e+00
2.895170162768760935e+00
2.919591149115168704e+00
2.944096017100240381e+00
2.968684634852960968e+00
2.993356870569133577e+00
3.018112592524902826e+00
3.042951669089769329e+00
3.067873968739202262e+00
3.092879360066785210e+00
3.117967711795965435e+00
3.143138892791367933e+00
3.168392772069732910e+00
3.193729218810462900e+00
3.219148102365786634e+00
3.244649297225514317e+00
3.270232663254332817e+00
3.295898075287852613e+00
3.321645403464157820e+00
3.347474518139741395e+00
3.373385289897635086e+00
3.399377589555245827e+00
3.425451288171879050e+00
3.451606257055989335e+00
3.477842367772136178e+00
3.504159492147687516e+00
3.530557502279238147e+00
3.557036270538791456e+00
3.583595669579688003e+00
3.610235572342278765e+00
3.636955852059382099e+00
3.663756382261513789e+00
3.690637036781885261e+00
3.717597689761193092e+00
3.744638215652215329e+00
3.771758491600904151e+00
3.798958387964168182e+00
3.826237782512832197e+00
3.853596550989862646e+00
3.881034569470329654e+00
3.908551714364860263e+00
3.936147862422946009e+00
3.963822890736068416e+00
3.991576676740686835e+00
4.019409098221056631e+00
4.047320033311917697e+00
4.075309360501011113e+00
4.103376958631499427e+00
4.131522706904204867e+00
4.159746484879757844e+00
4.188048172480584697e+00
4.216427649992811055e+00
4.244884798067998233e+00
4.273419497724815663e+00
4.302031630801211648e+00
4.330721078092471643e+00
4.359487722236100815e+00
4.388331445733379077e+00
4.417252131459322939e+00
4.446249662663702473e+00
4.475323924058828062e+00
4.504474797481331727e+00
4.533702168389127429e+00
4.563005921539532217e+00
4.592385942068458071e+00
4.621842115490927938e+00
4.651374327701518041e+00
4.680982464974725588e+00
4.710666413965289401e+00
4.740426061708398642e+00
4.770261295619874886e+00
4.800172003496268047e+00
4.830158073514907002e+00
4.860219394233870283e+00
4.890355854591922125e+00
4.920567347438232986e+00
4.950853755437923276e+00
4.981214972175556532e+00
5.011650888110765756e+00
5.042161394082696368e+00
5.072746381309607422e+00
5.103405741388461259e+00
5.134139366294438567e+00
5.164947148380423236e+00
5.195828980376477446e+00
5.226784755389199510e+00
5.257814366901151892e+00
5.288917708770150661e+00
5.320094675228587811e+00
5.351345160882682528e+00
5.382669060711739561e+00
5.414066270067322328e+00
5.445536686299291773e+00
5.477080202258342467e+00
5.508696716023853135e+00
5.540386124427930881e+00
5.572148324670527231e+00
5.603983214318496664e+00
5.635890691304606293e+00
5.667870653926536662e+00
5.699923000845837251e+00
5.732047631086911288e+00
5.764244444035901971e+00
5.796513339439642643e+00
5.828854217404536797e+00
5.861266978395435423e+00
5.893751523234501910e+00
5.926307753100046760e+00
5.958935569525372955e+00
5.991634874397589350e+00
6.024405569956388540e+00
6.057247558792872688e+00
6.090160748092475984e+00
6.123145032683086519e+00
6.156200320420796679e+00
6.189326515289907960e+00
6.222523521619900855e+00
6.255791244084142555e+00
6.289129587698597312e+00
6.322538457820546576e+00
6.356017760147279816e+00
6.389567400714776468e+00
6.423187285896409193e+00
6.456877322401616937e+00
6.490637417274568222e+00
6.524467477892827993e+00
6.558367411966041338e+00
6.592337127534560359e+00
6.626376532968114574e+00
6.660485536964459108e+00
6.694664048548012225e+00
6.728911977068507078e+00
6.763229232199615026e+00
6.797615723937603605e+00
6.832071362599952735e+00
6.866596060397269774e+00
6.901189725147689025e+00
6.935852269688554728e+00
6.970583605608537958e+00
7.005383644810663668e+00
7.040252299510962430e+00
7.075189482237079552e+00
7.110195105826902839e+00
7.145269083427215229e+00
7.180411328492275480e+00
7.215621754782486796e+00
7.250900276363005936e+00
7.286246807602392295e+00
7.321661263171204581e+00
7.357143558040679210e+00
7.392693607481312768e+00
7.428311327061560831e+00
7.463996632646403562e+00
7.499749440396054290e+00
7.535569666764561525e+00
7.571457228498470471e+00
7.607412042635457894e+00
7.643434026503008738e+00
7.679523097717032343e+00
7.715679174180556821e+00
7.751902174082370145e+00
7.788192015895672782e+00
7.824548623655692481e+00
7.860971905869869047e+00
7.897461787108479569e+00
7.934018186969141517e+00
7.970641025327288354e+00
8.007330222334811509e+00
8.044085698418799169e+00
8.080907374280188904e+00
8.117795170892494028e+00
8.154749009500500634e+00
8.191768811618969082e+00
8.228854499031333702e+00
8.266005993788454020e+00
8.303223218207286038e+00
8.340506094869667209e+00
8.377854546620977061e+00
8.415268496568939938e+00
8.452747868082324700e+00
8.490292584789694175e+00
8.527902570578156372e+00
8.565577749592140577e+00
8.603318046232105942e+00
8.641123385153363756e+00
8.678993691264816235e+00
8.716928889727723728e+00
8.754928905954526996e+00
8.792993665607571785e+00
8.831123094597948864e+00
8.869317119084263012e+00
8.907575665471460624e+00
8.945898660409598691e+00
8.984286030792695499e+00
9.022737706267040636e+00
9.061253609203644643e+00
9.099833669719116003e+00
9.138477815671459226e+00
9.177185975156774589e+00
9.215958076508087515e+00
9.254794048294204600e+00
9.293693819318560756e+00
9.332657318618094777e+00
9.371684475462108921e+00
9.410775219351133813e+00
9.449929480015818228e+00
9.489147187415813534e+00
9.528428271738647481e+00
9.567772663398621091e+00
9.607180293035725072e+00
9.646651091514536702e+00
9.686184989923122046e+00
9.725781919571968359e+00
9.765441811992879195e+00
9.805164598937947673e+00
9.844950212378439147e+00
9.884798584503775132e+00
9.924709647720414196e+00
9.964683334650898061e+00
1.000471957813270762e+01
1.004481831121728952e+01
1.008497946716899030e+01
1.012520297946404391e+01
1.016548878178955384e+01
1.020583680804243443e+01
1.024624699232845337e+01
1.028671926896120148e+01
1.032725357246108189e+01
1.036784983755432066e+01
1.040850799917199154e+01
