# h
2.301592256850472189e-04
2.312379173700119541e-04
2.323330252653225351e-04
2.334445295233486951e-04
2.345724072330795636e-04
2.357166325082742629e-04
2.368771765761718451e-04
2.380540078666027359e-04
2.392470921013494639e-04
2.404563923836065126e-04
2.416818692873989188e-04
2.429234809468188339e-04
2.441811831449510264e-04
2.454549294023584982e-04
2.467446710650094636e-04
2.480503573915312848e-04
2.493719356396821270e-04
2.507093511519393417e-04
2.520625474401089238e-04
2.534314662688655112e-04
2.548160477381399870e-04
2.562162303642780289e-04
2.576319511598965323e-04
2.590631457123751861e-04
2.605097482609208576e-04
2.619716917721533439e-04
2.634489080141628851e-04
2.649413276289969946e-04
2.664488802035396876e-04
2.679714943387497710e-04
2.695090977172307075e-04
2.710616171691097756e-04
2.726289787362080929e-04
2.742111077344868667e-04
2.758079288147599509e-04
2.774193660216679388e-04
2.790453428509092389e-04
2.806857823047319267e-04
2.823406069456880552e-04
2.840097389486602344e-04
2.856931001511693710e-04
2.873906121019776630e-04
2.891021961080012144e-04
2.908277732795520572e-04
2.925672645739269820e-04
2.943205908373677337e-04
2.960876728454146919e-04
2.978684313416795661e-04
2.996627870750646471e-04
3.014706608354556102e-04
3.032919734879182269e-04
3.051266460054277729e-04
3.069745995001640351e-04
3.088357552534023867e-04
3.107100347440334000e-04
3.125973596757449869e-04
3.144976520028997576e-04
3.164108339551408803e-04
3.183368280607613539e-04
3.202755571688701425e-04
3.222269444703887258e-04
3.241909135179128700e-04
3.261673882444737164e-04
3.281562929812300092e-04
3.301575524741281629e-04
3.321710918995599850e-04
3.341968368790527479e-04
3.362347134930240280e-04
3.382846482936332426e-04
3.403465683167596436e-04
3.424204010931415198e-04
3.445060746587023546e-04
3.466035175640992325e-04
3.487126588835170733e-04
3.508334282227425238e-04
3.529657557265429286e-04
3.551095720853773255e-04
3.572648085414693322e-04
3.594313968942643156e-04
3.616092695052997366e-04
3.637983593025106250e-04
3.659985997839975617e-04
3.682099250212772794e-04
3.704322696620411439e-04
3.726655689324428751e-04
3.749097586389382210e-04
3.771647751696933907e-04
3.794305554955898388e-04
3.817070371708362431e-04
3.839941583332142933e-04
3.862918577039716806e-04
3.886000745873820737e-04
3.909187488699887255e-04
3.932478210195489480e-04
3.955872320836926288e-04
3.979369236883156607e-04
4.002968380357156556e-04
4.026669179024918994e-04
4.050471066372165942e-04
4.074373481578953313e-04
4.098375869492267161e-04
4.122477680596752393e-04
4.146678370983673139e-04
4.170977402318221897e-04
4.195374241805307526e-04
4.219868362153882829e-04
4.244459241539960247e-04
4.269146363568357958e-04
4.293929217233318396e-04
4.318807296878049624e-04
4.343780102153294714e-04
4.368847137974982272e-04
4.394007914481073561e-04
4.419261946987644183e-04
4.444608755944282172e-04
4.470047866888873507e-04
4.495578810401824931e-04
4.521201122059808090e-04
4.546914342389045058e-04
4.572718016818232817e-04
4.598611695631115381e-04
4.624594933918789192e-04
4.650667291531772178e-04
4.676828333031874383e-04
4.703077627643926042e-04
4.729414749207388547e-04
4.755839276127913923e-04
4.782350791328843047e-04
4.808948882202721204e-04
4.835633140562834256e-04
4.862403162594820154e-04
4.889258548808344965e-04
4.916198903988916588e-04
4.943223837149834541e-04
4.970332961484296959e-04
4.997525894317706536e-04
5.024802257060178136e-04
5.052161675159269746e-04
5.079603778052975806e-04
5.107128199122968823e-04
5.134734575648127212e-04
5.162422548758355875e-04
5.190191763388715771e-04
5.218041868233883095e-04
5.245972395809454878e-04
5.273983241152628348e-04
5.302073944900764432e-04
5.330244170338324866e-04
5.358493584286850870e-04
5.386821857061550606e-04
5.415228662428294305e-04
5.443713677561011618e-04
5.472276582999442435e-04
5.500917062607341970e-04
5.529634803531069658e-04
5.558429496158600897e-04
5.587300834078947525e-04
5.616248514041998971e-04
5.645272235918794923e-04
5.674371702662209986e-04
5.703546620268081782e-04
5.732796697736733697e-04
5.762121647034968179e-04
5.791521183058452506e-04
5.820995023594566437e-04
5.850542889285630403e-04
5.880164503592621604e-04
5.909859592759271734e-04
5.939627885776615742e-04
5.969469114347952582e-04
5.999383012854238566e-04
6.029369318319894883e-04
6.059427770379057464e-04
6.089558111242207410e-04
6.119760085663249194e-04
6.150033440906999774e-04
6.180377926717066936e-04
6.210793295284171072e-04
6.241279301214828004e-04
6.271835701500483914e-04
6.302462255487012400e-04
6.333158724844627869e-04
6.363924873538185983e-04
6.394760467797866834e-04
6.425665276090265776e-04
6.456639069089850722e-04
6.487681619650789147e-04
6.518792702779186007e-04
6.549972095605655596e-04
6.581219577358289130e-04
6.612534929335972533e-04
6.643917934882065260e-04
6.675368379358455340e-04
6.706886050119935340e-04
6.738470736488957804e-04
6.770122229730715950e-04
6.801840323028577814e-04
6.833624811459852169e-04
6.865475491971892701e-04
6.897392163358527463e-04
6.929374626236812487e-04
6.961422683024111758e-04
6.993536137915495931e-04
7.025714796861459808e-04
7.057958467545920626e-04
7.090266959364571958e-04
7.122640083403495659e-04
7.155077652418088225e-04
7.187579480812298326e-04
7.220145384618118032e-04
7.252775181475402564e-04
7.285468690611936150e-04
7.318225732823805795e-04
7.351046130456027677e-04
7.383929707383472775e-04
7.416876288992023435e-04
7.449885702160033516e-04
7.482957775240016212e-04
7.516092338040620277e-04
7.549289221808825256e-04
7.582548259212425115e-04
7.615869284322720036e-04
7.649252132597484689e-04
7.682696640864150085e-04
7.716202647303255398e-04
7.749769991432078680e-04
7.783398514088557063e-04
7.817088057415397771e-04
7.850838464844412485e-04
7.884649581081098904e-04
7.918521252089401200e-04
7.952453325076708993e-04
7.986445648479075345e-04
8.020498071946612550e-04
8.054610446329104776e-04
8.088782623661849467e-04
8.123014457151641861e-04
8.157305801163018634e-04
8.191656511204633813e-04
8.226066443915884064e-04
8.260535457053658649e-04
8.295063409479335511e-04
8.329650161145899867e-04
8.364295573085306747e-04
8.398999507395947615e-04
8.433761827230360940e-04
8.468582396783055520e-04
8.503461081278545228e-04
8.538397746959520366e-04
8.573392261075196827e-04
8.608444491869832226e-04
8.643554308571384064e-04
8.678721581380339188e-04
8.713946181458691797e-04
8.749227980919058048e-04
8.784566852813980404e-04
8.819962671125324135e-04
8.855415310753878737e-04
8.890924647509054757e-04
8.926490558098729156e-04
8.962112920119263059e-04
8.997791612045614919e-04
9.033526513221613050e-04
9.069317503850342008e-04
9.105164464984681844e-04
9.141067278517955776e-04
9.177025827174718807e-04
9.213039994501665605e-04
9.249109664858654392e-04
9.285234723409863111e-04
9.321415056115057258e-04
9.357650549720972644e-04
9.393941091752841272e-04
9.430286570505979011e-04
9.466686875037538069e-04
9.503141895158327777e-04
9.539651521424783896e-04
9.576215645131008411e-04
9.612834158300948093e-04
9.649506953680633782e-04
9.686233924730589884e-04
9.723014965618253635e-04
9.759849971210588426e-04
9.796738837066726411e-04
9.833681459430736876e-04
9.870677735224501950e-04
9.907727562040624832e-04
9.944830838135533188e-04
9.981987462422564107e-04
1.001919733446522253e-03
1.005646035447047655e-03
1.009377642328216978e-03
1.013114544237448799e-03
1.016856731384555360e-03
1.020604194041107009e-03
1.024356922539805103e-03
1.028114907273863354e-03
1.031878138696399813e-03
1.035646607319831887e-03
1.039420303715281324e-03
1.043199218511988964e-03
1.046983342396733390e-03
1.050772666113259117e-03
1.054567180461711291e-03
1.058366876298077108e-03
1.062171744533636775e-03
1.065981776134417068e-03
1.069796962120657478e-03
1.073617293566275907e-03
1.077442761598349126e-03
1.081273357396592355e-03
1.085109072192851206e-03
1.088949897270596228e-03
1.092795823964423738e-03
1.096646843659567503e-03
1.100502947791409539e-03
1.104364127845002637e-03
1.108230375354595908e-03
1.112101681903167718e-03
1.115978039121961855e-03
1.119859438690033911e-03
1.123745872333796556e-03
1.127637331826579145e-03
1.131533808988182321e-03
1.135435295684448891e-03
1.139341783826831227e-03
1.143253265371968431e-03
1.147169732321266962e-03
1.151091176720487339e-03
1.155017590659335180e-03
1.158948966271057448e-03
1.162885295732042374e-03
1.166826571261427199e-03
1.170772785120706991e-03
1.174723929613349970e-03
1.178679997084417820e-03
1.182640979920190124e-03
1.186606870547792479e-03
1.190577661434827003e-03
1.194553345089016715e-03
1.198533914057838207e-03
1.202519360928175568e-03
1.206509678325965416e-03
1.210504858915853205e-03
1.214504895400849750e-03
1.218509780521995992e-03
1.222519507058025378e-03
1.226534067825038382e-03
1.230553455676170740e-03
1.234577663501277298e-03
1.238606684226608483e-03
1.242640510814496538e-03
1.246679136263045004e-03
1.250722553605821026e-03
1.254770755911547653e-03
1.258823736283808071e-03
1.262881487860744193e-03
1.266944003814763926e-03
1.271011277352251034e-03
1.275083301713276747e-03
1.279160070171315913e-03
1.283241576032964886e-03
1.287327812637667013e-03
1.291418773357433337e-03
1.295514451596573502e-03
1.299614840791427084e-03
1.303719934410097099e-03
1.307829725952188923e-03
1.311944208948547918e-03
1.316063376961004424e-03
1.320187223582119191e-03
1.324315742434931846e-03
1.328448927172712823e-03
1.332586771478715950e-03
1.336729269065938409e-03
1.340876413676877219e-03
1.345028199083293319e-03
1.349184619085975426e-03
1.353345667514507583e-03
1.357511338227037571e-03
1.361681625110053133e-03
1.365856522078151038e-03
1.370036023073819371e-03
1.374220122067213974e-03
1.378408813055941170e-03
1.382602090064843090e-03
1.386799947145782134e-03
1.391002378377431724e-03
1.395209377865064878e-03
1.399420939740351685e-03
1.403637058161148971e-03
1.407857727311302536e-03
1.412082941400445279e-03
1.416312694663798789e-03
1.420546981361977103e-03
1.424785795780793285e-03
1.429029132231066004e-03
1.433276985048432400e-03
1.437529348593155534e-03
1.441786217249941583e-03
1.446047585427755753e-03
