# mu
-inf
3.320639918178469685e+01
3.472784588889609836e+01
3.562435927321432416e+01
3.626487504055528888e+01
3.676501670703181901e+01
3.717628846850326596e+01
3.752616618485086519e+01
3.783105213009902457e+01
3.810152750146727385e+01
3.834481827338226623e+01
3.856607949712285688e+01
3.876911840776646301e+01
3.895682709623491036e+01
3.913145437992845643e+01
3.929478365048513666e+01
3.944825320704610760e+01
3.959304004535590593e+01
3.973011966145841711e+01
3.986030966510485030e+01
3.998430219364398397e+01
4.010268840968164028e+01
4.021597729495002937e+01
4.032461026342463839e+01
4.042897266240507292e+01
4.052940292452911564e+01
4.062619992399614688e+01
4.071962894396688171e+01
4.080992655840993422e+01
4.089730465710849217e+01
4.098195378822246937e+01
4.106404595274415925e+01
4.114373695531017461e+01
4.122116839331728499e+01
4.129646934915505341e+01
4.136975783721018018e+01
4.144114204710575677e+01
4.151072141668304738e+01
4.157858756197533978e+01
4.164482508646683101e+01
4.170951228797697752e+01
4.177272177833986433e+01
4.183452102848813325e+01
4.189497284947366751e+01
4.195413581826183247e+01
4.201206465574549753e+01
4.206881056327936363e+01
4.212442152308626930e+01
4.217894256709841727e+01
4.223241601813769819e+01
4.228488170678718916e+01
4.233637716684101804e+01
4.238693781182747244e+01
4.243659709476754927e+01
4.248538665304798201e+01
4.253333644004674596e+01
4.258047484494223056e+01
4.262682880195998791e+01
4.267242389015834192e+01
4.271728442472247878e+01
4.276143354062223523e+01
4.280489326939034100e+01
4.284768460969132775e+01
4.288982759227645403e+01
4.293134133985446965e+01
4.297224412235026136e+01
4.301255340797330717e+01
4.305228591047329445e+01
4.309145763292112008e+01
4.313008390831900840e+01
4.316817943731295770e+01
4.320575832325340571e+01
4.324283410482618706e+01
4.327941978645422694e+01
4.331552786665148602e+01
4.335117036449351247e+01
4.338635884435387169e+01
4.342110443904180528e+01
4.345541787146465396e+01
4.348930947492718246e+01
4.352278921217035190e+01
4.355586669324302562e+01
4.358855119229216513e+01
4.362085166334973962e+01
4.365277675518812117e+01
4.368433482530969769e+01
4.371553395313112844e+01
4.374638195241782057e+01
4.377688638301960111e+01
4.380705456195478575e+01
4.383689357388588093e+01
4.386641028102710749e+01
4.389561133252058767e+01
4.392450317331548604e+01
4.395309205258169527e+01
4.398138403168736943e+01
4.400938499176744756e+01
4.403710064090839182e+01
4.406453652097253837e+01
4.409169801408372535e+01
4.411859034879452679e+01
4.414521860595372260e+01
4.417158772429177560e+01
4.419770250574032389e+01
4.422356762050125667e+01
4.424918761187925753e+01
4.427456690089133673e+01
4.429970979066564496e+01
4.432462047064115040e+01
4.434930302057911433e+01
4.437376141439644073e+01
4.439799952383053494e+01
4.442202112194448205e+01
4.444582988648102884e+01
4.446942940307316405e+01
4.449282316831871498e+01
4.451601459272595918e+01
4.453900700353664632e+01
4.456180364743271127e+01
4.458440769313239826e+01
4.460682223388123191e+01
4.462905028984302191e+01
4.465109481039575456e+01
4.467295867633675499e+01
4.469464470200175299e+01
4.471615563730166798e+01
4.473749416968096426e+01
4.475866292600147744e+01
4.477966447435476027e+01
4.480050132580655031e+01
4.482117593607620165e+01
4.484169070715416439e+01
4.486204798886014089e+01
4.488225008034459051e+01
4.490229923153619040e+01
4.492219764453729169e+01
4.494194747496999298e+01
4.496155083327470692e+01
4.498100978596323785e+01
4.500032635682842397e+01
4.501950252811207775e+01
4.503854024163295833e+01
4.505744139987641006e+01
4.507620786704730875e+01
4.509484147030701706e+01
4.511334400009869938e+01
4.513171721175585560e+01
4.514996282620673185e+01
4.516808253086246339e+01
4.518607798047854374e+01
4.520395079798865368e+01
4.522170257531193016e+01
4.523933487413460597e+01
4.525684922666713561e+01
4.527424713637762466e+01
4.529153007870245773e+01
4.530869950173510574e+01
4.532575682689375185e+01
4.534270344956856036e+01
4.535954073974950518e+01
4.537627004263519837e+01
4.539289267922356430e+01
4.540940994688500609e+01
4.542582311991866817e+01
4.544213345009236349e+01
4.545834216716676934e+01
4.547445047940446727e+01
4.549045957406431739e+01
4.550637061788167870e+01
4.552218475753497273e+01
4.553790312009905961e+01
4.555352681348587396e+01
4.556905692687271880e+01
4.558449453111869332e+01
4.559984067916957429e+01
4.561509640645165575e+01
4.563026273125471022e+01
4.564534065510464700e+01
4.566033116312604534e+01
4.567523522439503125e+01
4.569005379228259756e+01
4.570478780478893555e+01
4.571943818486881383e+01
4.573400584074853725e+01
4.574849166623448582e+01
4.576289654101374538e+01
4.577722133094687251e+01
4.579146688835319878e+01
4.580563405228876661e+01
4.581972364881728765e+01
4.583373649127409521e+01
4.584767338052358809e+01
4.586153510521016585e+01
4.587532244200282605e+01
4.588903615583386397e+01
4.590267700013149010e+01
4.591624571704686275e+01
4.592974303767555710e+01
4.594316968227356313e+01
4.595652636046813200e+01
4.596981377146352088e+01
4.598303260424184202e+01
4.599618353775900914e+01
4.600926724113615762e+01
4.602228437384648885e+01
4.603523558589770914e+01
4.604812151801019837e+01
4.606094280179104317e+01
4.607370005990404138e+01
4.608639390623578436e+01
4.609902494605783829e+01
4.611159377618535871e+01
4.612410098513200296e+01
4.613654715326132560e+01
4.614893285293479153e+01
4.616125864865648509e+01
4.617352509721447973e+01
4.618573274781921612e+01
4.619788214223866873e+01
4.620997381493061340e+01
4.622200829317196025e+01
4.623398609718527297e+01
4.624590774026249562e+01
4.625777372888605043e+01
4.626958456284726395e+01
4.628134073536230630e+01
4.629304273318558671e+01
4.630469103672075448e+01
4.631628612012939072e+01
4.632782845143731265e+01
4.633931849263872493e+01
4.635075669979809732e+01
4.636214352315001719e+01
4.637347940719690342e+01
4.638476479080466675e+01
4.639600010729649426e+01
4.640718578454459475e+01
4.641832224506016047e+01
4.642940990608144602e+01
4.644044917966003538e+01
4.645144047274547461e+01
4.646238418726802166e+01
4.647328072021992540e+01
4.648413046373495661e+01
4.649493380516638297e+01
4.650569112716341635e+01
4.651640280774614666e+01
4.652706922037901194e+01
4.653769073404276213e+01
4.654826771330510837e+01
4.655880051838995115e+01
4.656928950524526556e+01
4.657973502560969337e+01
4.659013742707782768e+01
4.660049705316428259e+01
4.661081424336650514e+01
4.662108933322642201e+01
4.663132265439091384e+01
4.664151453467108865e+01
4.665166529810055351e+01
4.666177526499249950e+01
4.667184475199574933e+01
4.668187407214976048e+01
4.669186353493864772e+01
4.670181344634413989e+01
4.671172410889759163e+01
4.672159582173107140e+01
4.673142888062747602e+01
4.674122357806972161e+01
4.675098020328913151e+01
4.676069904231280816e+01
4.677038037801025894e+01
4.678002449013916930e+01
4.678963165539032332e+01
4.679920214743171414e+01
4.680873623695195818e+01
4.681823419170280687e+01
4.682769627654104028e+01
4.683712275346953646e+01
4.684651388167763031e+01
4.685586991758081155e+01
4.686519111485969802e+01
4.687447772449832684e+01
4.688372999482180603e+01
4.689294817153331962e+01
4.690213249775042925e+01
4.691128321404087842e+01
4.692040055845768620e+01
4.692948476657363699e+01
4.693853607151527285e+01
4.694755470399625352e+01
4.695654089235013373e+01
4.696549486256262895e+01
4.697441683830334114e+01
4.698330704095694443e+01
4.699216568965381668e+01
4.700099300130023039e+01
4.700978919060801786e+01
4.701855447012371769e+01
4.702728905025727357e+01
4.703599313931026416e+01
4.704466694350365685e+01
4.705331066700513531e+01
4.706192451195593662e+01
4.707050867849730480e+01
4.707906336479648957e+01
4.708758876707235430e+01
4.709608507962052215e+01
4.710455249483818108e+01
4.711299120324846257e+01
4.712140139352442958e+01
4.712978325251268785e+01
4.713813696525664199e+01
4.714646271501938202e+01
4.715476068330617210e+01
4.716303104988665496e+01
4.717127399281664424e+01
4.717948968845962554e+01
4.718767831150790926e+01
4.719584003500342817e+01
4.720397503035827924e+01
4.721208346737489592e+01
4.722016551426590070e+01
4.722822133767371611e+01
4.723625110268984173e+01
4.724425497287381859e+01
4.725223311027194484e+01
4.726018567543568594e+01
4.726811282743980058e+01
4.727601472390023218e+01
4.728389152099170900e+01
4.729174337346505297e+01
4.729957043466427535e+01
4.730737285654342372e+01
4.731515078968312338e+01
4.732290438330693405e+01
4.733063378529745080e+01
4.733833914221212069e+01
4.734602059929891027e+01
4.735367830051170301e+01
4.736131238852542680e+01
4.736892300475106055e+01
4.737651028935034958e+01
4.738407438125032911e+01
4.739161541815763456e+01
4.739913353657264139e+01
4.740662887180333485e+01
4.741410155797904480e+01
4.742155172806397445e+01
4.742897951387048749e+01
4.743638504607226736e+01
4.744376845421729172e+01
4.745112986674052991e+01
4.745846941097661897e+01
4.746578721317220584e+01
4.747308339849823255e+01
4.748035809106198712e+01
4.748761141391901219e+01
4.749484348908482900e+01
4.750205443754654056e+01
4.750924437927420740e+01
4.751641343323215239e+01
4.752356171739003798e+01
4.753068934873381579e+01
4.753779644327654808e+01
4.754488311606906592e+01
4.755194948121046394e+01
4.755899565185848132e+01
4.756602174023974783e+01
4.757302785765984510e+01
4.758001411451328977e+01
4.758698062029336029e+01
4.759392748360177450e+01
4.760085481215824643e+01
4.760776271280998628e+01
4.761465129154091613e+01
4.762152065348094254e+01
4.762837090291498043e+01
4.763520214329191305e+01
4.764201447723344529e+01
4.764880800654280080e+01
4.765558283221329816e+01
4.766233905443691299e+01
4.766907677261257703e+01
4.767579608535452707e+01
4.768249709050041218e+01
4.768917988511938688e+01
4.769584456552006202e+01
4.770249122725834923e+01
4.770911996514521292e+01
4.771573087325436546e+01
4.772232404492977054e+01
4.772889957279313933e+01
4.773545754875129887e+01
4.774199806400344670e+01
4.774852120904834152e+01
4.775502707369142286e+01
4.776151574705177438e+01
4.776798731756907301e+01
4.777444187301038880e+01
4.778087950047694932e+01
