# rs_dv
inf
3.333446225595723789e+00
1.671964526054342981e+00
1.118176792715863455e+00
8.413123757354523669e-01
6.752171407415129556e-01
5.645063727705772472e-01
4.854437625433444814e-01
4.261611530331311792e-01
3.800651216547056288e-01
3.431996131390769866e-01
3.130471362939695190e-01
2.879293623832180904e-01
2.666843704071085175e-01
2.484822158331075059e-01
2.327142718333984339e-01
2.189240675574239681e-01
2.067625364249754405e-01
1.959581816540064414e-01
1.862966631998131950e-01
1.776065086115676817e-01
1.697489065003879860e-01
1.626102836061599499e-01
1.560968182808585847e-01
1.501303256002072817e-01
1.446451300477240298e-01
1.395856598862713349e-01
1.349045761129327170e-01
1.305613023513772786e-01
1.265208589036945219e-01
1.227529299911535310e-01
1.192311115283222756e-01
1.159322999388752023e-01
1.128361920951573144e-01
1.099248735030877999e-01
1.071824770833392920e-01
1.045948988217445252e-01
1.021495595298928527e-01
9.983520422194164246e-02
9.764173235602070788e-02
9.556005353893415322e-02
9.358196434677439057e-02
9.170004274213974793e-02
8.990755722339875688e-02
8.819838836227711365e-02
8.656696080270236127e-02
8.500818412898558663e-02
8.351740128238374639e-02
8.209034342524626493e-02
8.072309033167136827e-02
7.941203553096982948e-02
7.815385555159881648e-02
7.694548271358807312e-02
7.578408100079868370e-02
7.466702461378484090e-02
7.359187886209941909e-02
7.255638310362126642e-02
7.155843547952303596e-02
7.059607922817240366e-02
6.966749039064301652e-02
6.877096674548788258e-02
6.790491783171970219e-02
6.706785593714248428e-02
6.625838794478029758e-02
6.547520794355485285e-02
6.471709052091483005e-02
6.398288466509402528e-02
6.327150821331249675e-02
6.258194278972521729e-02
6.191322918343977744e-02
6.126446312260122595e-02
6.063479140549967589e-02
6.002340835399545133e-02
5.942955255835866146e-02
5.885250388596170723e-02
5.829158072920211792e-02
5.774613747062579128e-02
5.721556214550850561e-02
5.669927428417909088e-02
5.619672291816093374e-02
5.570738473580099520e-02
5.523076237447111653e-02
5.476638283768560378e-02
5.431379602660289102e-02
5.387257337638227256e-02
5.344230658876267942e-02
5.302260645303429054e-02
5.261310174829288144e-02
5.221343822051374012e-02
5.182327762856229342e-02
5.144229685378175904e-02
5.107018706826906701e-02
5.070665295737561418e-02
5.035141199235267789e-02
5.000419374940926615e-02
4.966473927176372205e-02
4.933280047155578357e-02
4.900813956874351673e-02
4.869052856434508136e-02
4.837974874559755611e-02
4.807559022080006017e-02
4.777785148178478186e-02
4.748633899212081899e-02
4.720086679930281248e-02
4.692125616931121929e-02
4.664733524205303544e-02
4.637893870630533516e-02
4.611590749288606988e-02
4.585808848487164108e-02
4.560533424376676803e-02
4.535750275061260078e-02
4.511445716109099141e-02
4.487606557375097005e-02
4.464220081054499217e-02
4.441274020891934626e-02
4.418756542475604787e-02
4.396656224551152153e-02
4.374962041294252341e-02
4.353663345485068309e-02
4.332749852531571355e-02
4.312211625292213663e-02
4.292039059651726191e-02
4.272222870806904188e-02
4.252754080221903682e-02
4.233624003215375603e-02
4.214824237143982577e-02
4.196346650149230390e-02
4.178183370436570898e-02
4.160326776057660797e-02
4.142769485168504989e-02
4.125504346737860623e-02
4.108524431681845335e-02
4.091823024402154590e-02
4.075393614706677298e-02
4.059229890092479892e-02
4.043325728372453021e-02
4.027675190627855867e-02
4.012272514470172774e-02
3.997112107596548919e-02
3.982188541624046008e-02
3.967496546188772899e-02
3.953031003296744728e-02
3.938786941914030476e-02
3.924759532784528882e-02
3.910944052782636127e-02
3.897336002938021904e-02
3.883930919608145904e-02
3.870724493003053351e-02
3.857712532246680009e-02
3.844890961347902786e-02
3.832255815333349830e-02
3.819803236534381752e-02
3.807529471021214168e-02
3.795430865177427948e-02
3.783503862408442442e-02
3.771744995981553272e-02
3.760150901972697524e-02
3.748718292355771725e-02
3.737443968182813103e-02
3.726324812878605008e-02
3.715357789636222763e-02
3.704539938910107050e-02
3.693868376002463344e-02
3.683340288738954499e-02
3.672952935229883281e-02
3.662703641713235814e-02
3.652589800476106069e-02
3.642608867851238746e-02
3.632758362285540277e-02
3.623035861220064852e-02
3.613439004324397325e-02
3.603965484216484216e-02
3.594613049822751455e-02
3.585379503506129495e-02
3.576262699508341719e-02
3.567260542445958166e-02
3.558370985858087115e-02
3.549592030803638137e-02
3.540921724506218560e-02
3.532358159044786394e-02
3.523899470088278502e-02
3.515543835672502865e-02
3.507289475017682373e-02
3.499134647385058333e-02
3.491077650971094459e-02
3.483116821837846377e-02
3.475250529340032091e-02
3.467477189277822641e-02
3.459795241693736784e-02
3.452203164092413484e-02
3.444699466992490883e-02
3.437282693047205573e-02
3.429951416192732888e-02
3.422704240823248867e-02
3.415539800991753555e-02
3.408456759635722366e-02
3.401453807826698011e-02
3.394529664042967437e-02
3.387683073464496653e-02
3.380912807289350452e-02
3.374217662070832374e-02
3.367596459074621851e-02
3.361048043655206347e-02
3.354571284650956914e-02
3.348165073797174096e-02
3.341828325156522700e-02
3.335559973164996944e-02
3.329358977700939276e-02
3.323224315154722774e-02
3.317154983529865125e-02
3.311150000549960282e-02
3.305208403181641302e-02
3.299329247171200324e-02
3.293511606594435454e-02
3.287754573419265219e-02
3.282057257080707446e-02
3.276418784067811063e-02
3.270838297522168925e-02
3.265314956847606420e-02
3.259847937330716261e-02
3.254436429771877942e-02
3.249079640126431578e-02
3.243776789155668888e-02
3.238527112087366544e-02
3.233329858285518416e-02
3.228184290703557668e-02
3.223089686505454382e-02
3.218045335313561572e-02
3.213050539908624686e-02
3.208104615684827243e-02
3.203206890369120902e-02
3.198356703230130493e-02
3.193553406883536255e-02
3.188796363925402999e-02
3.184084948751670502e-02
3.179418546794284678e-02
3.174796554281672512e-02
3.170218378005405790e-02
3.165683435092819104e-02
3.161191152785435693e-02
3.156740968223017280e-02
3.152332328233078962e-02
3.147964689125705429e-02
3.143637516493519996e-02
3.139350285016643399e-02
3.135102478272523002e-02
3.130893587053126814e-02
3.126723115173957873e-02
3.122590570311961980e-02
3.118495469824408492e-02
3.114437339083098166e-02
3.110415711310541079e-02
3.106430127420102549e-02
3.102480135860002930e-02
3.098565292461073761e-02
3.094685160288149217e-02
3.090839309495021711e-02
3.087027317182818031e-02
3.083248767261758186e-02
3.079503250316144650e-02
3.075790363472553912e-02
3.072109710271089117e-02
3.068460900539652855e-02
3.064843549660718758e-02
3.061257280893220356e-02
3.057701721592261807e-02
3.054176505536869771e-02
3.050681272207499128e-02
3.047215666676695439e-02
3.043779339502250894e-02
3.040371946622774657e-02
3.036993149255631450e-02
3.033642613797159215e-02
3.030320011725142620e-02
3.027025019503444547e-02
3.023757318488770607e-02
3.020516594839504562e-02
3.017302539426547706e-02
3.014114847746132350e-02
3.010953219834534150e-02
3.007817360184665903e-02
3.004706977664476850e-02
3.001621785437127640e-02
2.998561499489781415e-02
2.995525844130052934e-02
2.992514543551318476e-02
2.989527327333243306e-02
2.986563928976648102e-02
2.983624085833414680e-02
2.980707539037899881e-02
2.977814033439775757e-02
2.974943317538300547e-02
2.972095143417962521e-02
2.969269266685468575e-02
2.966465446408051224e-02
2.963683445053056850e-02
2.960923028428778456e-02
2.958183965626519363e-02
2.955466028963847636e-02
2.952768993929002356e-02
2.950092639126455224e-02
2.947436746223566426e-02
2.944801099898330596e-02
2.942185487788182008e-02
2.939589700439824288e-02
2.937013531260081883e-02
2.934456776019497837e-02
2.931919234598166432e-02
2.929400708249727328e-02
2.926901001349298606e-02
2.924419920900681036e-02
2.921957276492777658e-02
2.919512880256888709e-02
2.917086546824824642e-02
2.914678093287853544e-02
2.912287339156446539e-02
2.909914106320792004e-02
2.907558219012094589e-02
2.905219503764602806e-02
2.902897789378384302e-02
2.900592906882801594e-02
2.898304689500696626e-02
2.896032972613251863e-02
2.893777593725524455e-02
2.891538392432633012e-02
2.889315210386578930e-02
2.887107891263699516e-02
2.884916280732730334e-02
2.882740226423461186e-02
2.880579577895987786e-02
2.878434186610526538e-02
2.876303905897788921e-02
2.874188590929923140e-02
2.872088097400169945e-02
2.870002286662320240e-02
2.867931017951579065e-02
2.865874153525634072e-02
2.863831557346056475e-02
2.861803095052285403e-02
2.859788633936086177e-02
2.857788042916452331e-02
2.855801192514988152e-02
2.853827954831703040e-02
2.851868203521265924e-02
2.849921813769671491e-02
2.847988662271323107e-02
2.846068627206524426e-02
2.844161588219371387e-02
2.842267426396033470e-02
2.840386024243420418e-02
2.838517265668216369e-02
2.836661035956292848e-02
2.834817221752471486e-02
2.832985711040646171e-02
2.831166393124246936e-02
2.829359158607045940e-02
2.827563899374287149e-02
2.825780508574157052e-02
2.824008880599551685e-02
2.822248911070183996e-02
2.820500496814967034e-02
2.818763535854721877e-02
2.817037927385166243e-02
2.815323571760197652e-02
2.813620370475452756e-02
2.811928225630760253e-02
2.810247041999931750e-02
2.808576723886460277e-02
2.806917177194055008e-02
2.805268308890037157e-02
2.803630026990489368e-02
2.802002240545651418e-02
2.800384859625554973e-02
2.798777795305895655e-02
2.797180959654146232e-02
2.795594265715883181e-02
2.794017627501350909e-02
2.792450959972235525e-02
2.790894179028662742e-02
2.789347201496397352e-02
2.787809945114263707e-02
2.786282328521749382e-02
2.784764271246832623e-02
2.783255693693986732e-02
2.781756517132387765e-02
2.780266663684302642e-02
2.778786056313672925e-02
2.777314618814869657e-02
2.775852275801635530e-02
2.774398952696193604e-02
2.772954575718537817e-02
2.771519071875882742e-02
2.770092368952288553e-02
2.768674395498440383e-02
2.767265080821589701e-02
2.765864354975661882e-02
2.764472148751499075e-02
2.763088393667273435e-02
2.761713021959036340e-02
2.760345966571418896e-02
2.758987161148477099e-02
