# k_h
8.130081550916651431e-05
8.313945429591485642e-05
8.501967437021810861e-05
8.694241610355480580e-05
8.890864113414610878e-05
9.091933284790756258e-05
9.297549687027948208e-05
9.507816156917934093e-05
9.722837856932851192e-05
9.942722327821169707e-05
1.016757954239289172e-04
1.039752196052133880e-04
1.063266458538868490e-04
1.087312502100358904e-04
1.111902353101946940e-04
1.137048309888315055e-04
1.162762948934358654e-04
1.189059131135182290e-04
1.215950008238326780e-04
1.243449029421475659e-04
1.271569948018917283e-04
1.300326828400116439e-04
1.329734053003863944e-04
1.359806329531487788e-04
1.390558698302751524e-04
1.422006539778111007e-04
1.454165582251072707e-04
1.487051909714538810e-04
1.520681969905028977e-04
1.555072582528847216e-04
1.590240947674262883e-04
1.626204654413951540e-04
1.662981689601981808e-04
1.700590446869731356e-04
1.739049735825275113e-04
1.778378791460790678e-04
1.818597283772735971e-04
1.859725327599586950e-04
1.901783492682041421e-04
1.944792813950764357e-04
1.988774802046765059e-04
2.033751454079714134e-04
2.079745264629562489e-04
2.126779236996946510e-04
2.174876894708051961e-04
2.224062293279633826e-04
2.274360032250125920e-04
2.325795267482837821e-04
2.378393723747367289e-04
2.432181707585581872e-04
2.487186120468530721e-04
2.543434472250927616e-04
2.600954894929911800e-04
2.659776156714938533e-04
2.719927676415907899e-04
2.781439538156639394e-04
2.844342506421125550e-04
2.908668041440057544e-04
2.974448314925309768e-04
3.041716226160262799e-04
3.110505418454028543e-04
3.180850295967776803e-04
3.252786040921609766e-04
3.326348631190556115e-04
3.401574858298507444e-04
3.478502345819099121e-04
3.557169568192741554e-04
3.637615869969164492e-04
3.719881485485192056e-04
3.804007558987480310e-04
3.890036165210370377e-04
3.978010330419120698e-04
4.067974053928993458e-04
4.159972330111062137e-04
4.254051170895625572e-04
4.350257628784582838e-04
4.448639820384239817e-04
4.549246950470271994e-04
4.652129336596991455e-04
4.757338434263086056e-04
4.864926862646539265e-04
4.974948430921550266e-04
5.087458165170567759e-04
5.202512335905023046e-04
5.320168486208376197e-04
5.440485460515670198e-04
5.563523434043951728e-04
5.689343942888204497e-04
5.818009914798001093e-04
5.949585700650085766e-04
6.084137106632780392e-04
6.221731427158244633e-04
6.362437478518995345e-04
6.506325633305675782e-04
6.653467855603088961e-04
6.803937736982265281e-04
6.957810533306493838e-04
7.115163202369709835e-04
7.276074442386071782e-04
7.440624731350035936e-04
7.608896367286529291e-04
7.780973509411426292e-04
7.956942220222846737e-04
8.136890508544353902e-04
8.320908373541627441e-04
8.509087849734544478e-04
8.701523053027262556e-04
8.898310227779241853e-04
9.099547794940786955e-04
9.305336401277240375e-04
9.515778969706331853e-04
9.730980750773985484e-04
9.951049375294205440e-04
1.017609490817943194e-03
1.040622990348831099e-03
1.064156946071841874e-03
1.088223128237193792e-03
1.112833573282334936e-03
1.138000589851830046e-03
1.163736764953395182e-03
1.190054970253157617e-03
1.216968368513268424e-03
1.244490420175124734e-03
1.272634890091453369e-03
1.301415854410654200e-03
1.330847707616834505e-03
1.360945169729050816e-03
1.391723293663361298e-03
1.423197472761381435e-03
1.455383448489092632e-03
1.488297318309768271e-03
1.521955543734940719e-03
1.556374958557442748e-03
1.591572777270650052e-03
1.627566603678117039e-03
1.664374439697932943e-03
1.702014694366179529e-03
1.740506193044005648e-03
1.779868186832931276e-03
1.820120362203070646e-03
1.861282850839110449e-03
1.903376239708948463e-03
1.946421581360035678e-03
1.990440404448582702e-03
2.035454724506878012e-03
2.081487054954121469e-03
2.128560418356259618e-03
2.176698357940467544e-03
2.225924949370039832e-03
2.276264812785566780e-03
2.327743125118435317e-03
2.380385632682790326e-03
2.434218664052267746e-03
2.489269143227945680e-03
2.545564603104097639e-03
2.603133199238448752e-03
2.662003723933892459e-03
2.722205620638625239e-03
2.783768998671972642e-03
2.846724648283246225e-03
2.911104056051126709e-03
2.976939420631356630e-03
3.044263668860524869e-03
3.113110472224070707e-03
3.183514263696715640e-03
3.255510254963733374e-03
3.329134454031679961e-03
3.404423683237416034e-03
3.481415597664386588e-03
3.560148703975409609e-03
3.640662379671356225e-03
3.722996892785367020e-03
3.807193422022480712e-03
3.893294077354703207e-03
3.981341921081861177e-03
4.071380989368733085e-03
4.163456314269246318e-03
4.257613946248775885e-03
4.353900977215773536e-03
4.452365564074283605e-03
4.553056952809082271e-03
4.656025503115506989e-03
4.761322713586322100e-03
4.869001247468164421e-03
4.979114959000507240e-03
5.091718920350255494e-03
5.206869449155477822e-03
5.324624136692072615e-03
5.445041876677401103e-03
5.568182894725353348e-03
5.694108778467520289e-03
5.822882508355557880e-03
5.954568489160183206e-03
6.089232582182533930e-03
6.226942138193933794e-03
6.367766031120691492e-03
6.511774692490601008e-03
6.659040146658511475e-03
6.809636046828543635e-03
6.963637711890886470e-03
7.121122164091767646e-03
7.282168167555240837e-03
7.446856267676215356e-03
7.615268831404374723e-03
7.787490088439085259e-03
7.963606173355945728e-03
8.143705168686069668e-03
8.327877148969591026e-03
8.516214225805484803e-03
8.708810593920117069e-03
8.905762578277775718e-03
9.107168682256481032e-03
9.313129636913429835e-03
9.523748451364484266e-03
9.739130464303063367e-03
9.959383396684177298e-03
1.018461740559981413e-02
1.041494513937287446e-02
1.065048179389693588e-02
1.089134517025024118e-02
1.113765573361265304e-02
1.138953667351491443e-02
1.164711396545064018e-02
1.191051643388149270e-02
1.217987581666736367e-02
1.245532683095365578e-02
1.273700724054850804e-02
1.302505792482395140e-02
1.331962294917507679e-02
1.362084963707287967e-02
1.392888864374637950e-02
1.424389403153122728e-02
1.456602334692233373e-02
1.489543769936892657e-02
1.523230184185179331e-02
1.557678425328257524e-02
1.592905722276669739e-02
1.628929693577191654e-02
1.665768356224546151e-02
1.703440134672416090e-02
1.741963870048223936e-02
1.781358829576319344e-02
1.821644716214275081e-02
1.862841678507094062e-02
1.904970320664297820e-02
1.948051712864882698e-02
1.992107401795345165e-02
2.037159421426026559e-02
2.083230304031148672e-02
2.130343091458100635e-02
2.178521346651548715e-02
2.227789165438201838e-02
2.278171188578062903e-02
2.329692614088237773e-02
2.382379209845457424e-02
2.436257326473581855e-02
2.491353910522595486e-02
2.547696517945611042e-02
2.605313327880686217e-02
2.664233156744318445e-02
2.724485472643640993e-02
2.786100410114596485e-02
2.849108785193375099e-02
2.913542110828725926e-02
2.979432612642823192e-02
3.046813245048535582e-02
3.115717707731240071e-02
3.186180462503326177e-02
3.258236750539918181e-02
3.331922610004343227e-02
3.407274894072228472e-02
3.484331289363228751e-02
3.563130334789550019e-02
3.643711440830792875e-02
3.726114909244646750e-02
3.810381953223384438e-02
3.896554718006198237e-02
3.984676301957657679e-02
4.074790778122908824e-02
4.166943216270303785e-02
4.261179705432558557e-02
4.357547376957696117e-02
4.456094428081238540e-02
4.556870146031565677e-02
4.659924932680348242e-02
4.765310329750507834e-02
4.873079044594259140e-02
4.983284976554079593e-02
5.095983243919915973e-02
5.211230211495954112e-02
5.329083518790896090e-02
5.449602108845696957e-02
5.572846257713294504e-02
5.698877604605032815e-02
5.827759182718801612e-02
5.959555450764445622e-02
6.094332325202040518e-02
6.232157213209305047e-02
6.373099046394582745e-02
6.517228315272190209e-02
6.664617104517520096e-02
6.815339129019361286e-02
6.969469770747613313e-02
7.127086116454771358e-02
7.288266996229970929e-02
7.453093022925058597e-02
7.621646632472156568e-02
7.794012125113164435e-02
7.970275707561537415e-02
8.150525536117657344e-02
8.334851760759266759e-02
8.523346570228934604e-02
8.716104238141311744e-02
8.913221170132987203e-02
9.114795952078741381e-02
9.320929399398210358e-02
9.531724607477561062e-02
9.747287003231584757e-02
9.967724397831752292e-02
1.019314704062681681e-01
1.042366767428285212e-01
1.065940159117018671e-01
1.090046669102570781e-01
1.114698353991904339e-01
1.139907543055239947e-01
1.165686844392408578e-01
1.192049151238646909e-01
1.219007648413016481e-01
1.246575818912637745e-01
1.274767450656072443e-01
1.303596643379192066e-01
1.333077815687009338e-01
1.363225712264990730e-01
1.394055411253438403e-01
1.425582331788669554e-01
1.457822241714717415e-01
1.490791265469451621e-01
1.524505892149041753e-01
1.558982983754788609e-01
1.594239783626482665e-01
1.630293925066459426e-01
1.667163440158706822e-01
1.704866768787421105e-01
1.743422767859500455e-01
1.782850720735633665e-01
1.823170346874648517e-01
1.864401811695997058e-01
1.906565736665256916e-01
1.949683209607736278e-01
1.993775795255325611e-01
2.038865546031847220e-01
2.084975013082350781e-01
2.132127257551806321e-01
2.180345862118890088e-01
2.229654942790608996e-01
2.280079160963642826e-01
2.331643735758488212e-01
2.384374456632511741e-01
2.438297696278269588e-01
2.493440423813528817e-01
2.549830218269559245e-01
2.607495282384504343e-01
2.666464456708652064e-01
2.726767234028731890e-01
2.788433774118411757e-01
2.851494918822364832e-01
2.915982207481498389e-01
2.981927892706990324e-01
3.049364956511099733e-01
3.118327126802741267e-01
3.188848894256135491e-01
3.260965529560954090e-01
3.334713101062543594e-01
3.410128492801143829e-01
3.487249422959007861e-01
3.566114462724752632e-01
3.646763055584324453e-01
3.729235537048202209e-01
3.813573154824791978e-01
3.899818089449986203e-01
3.988013475383314077e-01
4.078203422581175297e-01
4.170433038557928018e-01
4.264748450945947122e-01
4.361196830565824967e-01
4.459826415018371404e-01
4.560686532810093174e-01
4.663827628024317939e-01
4.769301285550264224e-01
4.877160256882628331e-01
4.987458486504702249e-01
5.100251138868081568e-01
5.215594625982580279e-01
5.333546635630092014e-01
5.454166160216465942e-01
5.577513526275955646e-01
5.703650424642838779e-01
5.832639941305425291e-01
5.964546588957840845e-01
6.099436339265307261e-01
6.237376655859192542e-01
6.378436528078166301e-01
6.522686505472478080e-01
6.670198733088564813e-01
6.821046987551558916e-01
6.975306713963911331e-01
7.133055063638381599e-01
7.294370932684473008e-01
7.459335001467413129e-01
7.628029774959573794e-01
7.800539624004453332e-01
7.976950827513772380e-01
8.157351615619005125e-01
8.341832213798600071e-01
8.530484888003418975e-01
8.723403990802396368e-01
8.920686008572022985e-01
9.122429609752910062e-01
9.328735694197808348e-01
9.539707443635450090e-01
9.755450373275833531e-01
9.976072384582487240e-01
1.020168381923817869e+00
1.043239751433117979e+00
1.066832885878938653e+00
1.090959585109089858e+00
1.115631915827965503e+00
1.140862217631570141e+00
1.166663109179043367e+00
1.193047494503728601e+00
1.220028569466994561e+00
1.247619828357997784e+00
1.275835070642701297e+00
1.304688407865536304e+00
1.334194270707121710e+00
1.364367416201620831e+00
1.395222935117308438e+00
1.426776259504049404e+00
1.459043170411481460e+00
1.492039805781717687e+00
1.525782668520571983e+00
1.560288634751304526e+00
1.595574962255025930e+00
1.631659299102001803e+00
1.668559692478121192e+00
1.706294597711012218e+00
1.744882887500268875e+00
1.784343861356421757e+00
1.824697255253390882e+00
1.865963251499195508e+00
1.908162488829928671e+00
1.951316072731991369e+00
1.995445585997767113e+00
2.040573099520034184e+00
2.086721183330457752e+00
2.133912917887760052e+00
2.182171905621149044e+00
2.231522282734834661e+00
2.281988731279460669e+00
2.333596491496576331e+00
2.386371374442266990e+00
2.440339774896262082e+00
2.495528684563018018e+00
2.551965705571291654e+00
2.609679064279064153e+00
2.668697625390638706e+00
2.729050906393001519e+00
2.790769092318690525e+00
2.853883050842477509e+00
2.918424347719518419e+00
2.984425262572615090e+00
3.051918805036508253e+00
3.120938731267310917e+00
3.191519560825241353e+00
3.263696593939228840e+00
3.337505929161930673e+00
3.412984481424020000e+00
3.490170000496812364e+00
3.569101089872359633e+00
3.649817226070590337e+00
3.732358778383051412e+00
3.816767029063160788e+00
3.903084193973106242e+00
3.991353443697596148e+00
4.081618925135190423e+00
4.173925783577876913e+00
4.268320185289988800e+00
4.364849340597786842e+00
4.463561527501141768e+00
4.564506115819273901e+00
4.667733591882525346e+00
4.773295583782531715e+00
4.881244887193487259e+00
4.991635491777263844e+00
5.104522608185788179e+00
5.219962695674026598e+00
5.338013490337501388e+00
5.458734033988307033e+00
5.582184703684264448e+00
5.708427241925839724e+00
5.837524787535961046e+00
5.969541907238263612e+00
6.104544627949354485e+00
6.242600469801499408e+00
6.383778479912066040e+00
6.528149266916670967e+00
6.675785036283368612e+00
6.826759626425343619e+00
6.981148545630440516e+00
7.139029009825792471e+00
7.300479981196505541e+00
7.465582207677791793e+00
7.634418263340075228e+00
7.807072589687567898e+00
7.983631537890748753e+00
8.164183411973940707e+00
8.348818512979665485e+00
8.537629184131619198e+00
8.730709857019199660e+00
8.928157098826407179e+00
9.130069660628846506e+00
9.336548526783069235e+00
9.547696965432690419e+00
9.763620580156883833e+00
9.984427362786838955e+00
1.021022774741668115e+01
1.044113466563594272e+01
1.067726360301094957e+01
1.091873265684373351e+01
1.116566259523709626e+01
1.141817691749541908e+01
1.167640191589158682e+01
1.194046673883054410e+01
1.221050345544154681e+01
1.248664712163104618e+01
1.276903584762951738e+01
1.305781086706563343e+01
1.335311660760280894e+01
1.365510076317310251e+01
1.396391436784467999e+01
1.427971187135996622e+01
1.460265121638182428e+01
1.493289391748695927e+01
1.527060514194563901e+01
1.561595379232826097e+01
1.596911259098025404e+01
1.633025816640707006e+01
1.669957114161313783e+01
1.707723622443842970e+01
1.746344229993804475e+01
1.785838252485113031e+01
1.826225442420591705e+01
1.867525999010980797e+01
1.909760578277352394e+01
1.952950303381985009e+01
1.997116775192900562e+01
2.042282083087277300e+01
2.088468815999225470e+01
2.135700073717391945e+01
2.183999478438061459e+01
2.233391186579557441e+01
2.283899900863783472e+01
2.335550882671036987e+01
2.388369964674207324e+01
2.442383563758698983e+01
2.497618694234568082e+01
2.554102981347403301e+01
2.611864675094810195e+01
2.670932664355332520e+01
2.731336491336903549e+01
2.793106366352080272e+01
2.856273182927365539e+01
2.920868533254291677e+01
2.986924723989894659e+01
3.054474792414561080e+01
3.123552522955225541e+01
3.194192464082305349e+01
3.266429945588733830e+01
3.340301096259762659e+01
3.415842861942405051e+01
3.493093024023455939e+01
3.572090218325467248e+01
3.652873954430020831e+01
3.735484635438010770e+01
3.819963578176837871e+01
3.906353033864524349e+01
3.994696209241227791e+01
4.085037288178614290e+01
4.177421453777923688e+01
4.271894910967841952e+01
4.368504909613338327e+01
4.467299768147199046e+01
4.568328897735957383e+01
4.671642826992334818e+01
4.777293227246614293e+01
4.885332938389430524e+01
4.995815995299103207e+01
5.108797654866577176e+01
5.224334423631543700e+01
5.342484086043607050e+01
5.463305733362482641e+01
5.586859793211885972e+01
5.713208059801733185e+01
5.842413724833830457e+01
5.974541409106556245e+01
6.109657194834177574e+01
6.247828658697189042e+01
6.389124905640041163e+01
6.533616603433208070e+01
6.681376018016949558e+01
6.832477049644252531e+01
6.986995269841285960e+01
7.145007959203643111e+01
7.306594146047441996e+01
7.471834645934389130e+01
7.640812102090853841e+01
7.813611026740954912e+01
7.990317843374415929e+01
8.171020929970381985e+01
8.355810663198606392e+01
8.544779463620419335e+01
8.738021841911837839e+01
8.935634446132029041e+01
9.137716110060854646e+01
9.344367902629389278e+01
9.555693178468517601e+01
9.771797629600594348e+01
9.992789338300143243e+01
1.021877883115009240e+02
1.044987913432032371e+02
1.068620583009654439e+02
1.092787711468749023e+02
1.117501385733943380e+02
1.142773966078771366e+02
1.168618092307514473e+02
1.195046690076871272e+02
1.222072977360580239e+02
1.249710471060242298e+02
1.277972993765661158e+02
1.306874680668045414e+02
1.336429986629579219e+02
1.366653693412860378e+02
1.397560917073836038e+02
1.429167115521941582e+02
1.461488096251189290e+02
1.494540024246123551e+02
1.528339430066559714e+02
1.562903218115157244e+02
1.598248675091985831e+02
1.634393478640259616e+02
1.671355706187628982e+02
1.709153843987402581e+02
1.747806796364257309e+02
1.787333895169008429e+02
1.827754909447237992e+02
1.869090055326561810e+02
1.911360006127500810e+02
1.954585902703032048e+02
1.998789364011930161e+02
2.043992497931269554e+02
2.090217912313433146e+02
2.137488726293176740e+02
2.185828581850429089e+02
2.235261655634543558e+02
2.285812671056001477e+02
2.337506910651550527e+02
2.390370228728984046e+02
2.444429064297909804e+02
2.499710454292901431e+02
2.556242047095743999e+02
2.614052116363466212e+02
2.673169575169092695e+02
2.733623990462224924e+02
2.795445597856592599e+02
2.858665316752087620e+02
2.923314765798758117e+02
2.989426278710522524e+02
3.057032920436547556e+02
3.126168503698285690e+02
3.196867605900558260e+02
3.269165586425062884e+02
3.343098604314972135e+02
3.418703636359512075e+02
3.496018495587455277e+02
3.575081850178922309e+02
3.655933242804840120e+02
3.738613110403771316e+02
3.823162804406031228e+02
3.909624611415112554e+02
3.998041774356894393e+02
4.088458514107102815e+02
4.180920051607931782e+02
4.275472630484751448e+02
4.372163540174382774e+02
4.471041139576386172e+02
4.572154881239223414e+02
4.675555336093447636e+02
4.781294218744142768e+02
4.889424413335455029e+02
4.999999999999999432e+02
