# a
1.000000000000000000e+00
9.738562091503267792e-01
9.490445859872612688e-01
9.254658385093168516e-01
9.030303030303029610e-01
8.816568047337277614e-01
8.612716763005779930e-01
8.418079096045197884e-01
8.232044198895027698e-01
8.054054054054053946e-01
7.883597883597883715e-01
7.720207253886010035e-01
7.563451776649746661e-01
7.412935323383085251e-01
7.268292682926830173e-01
7.129186602870813960e-01
6.995305164319248759e-01
6.866359447004608541e-01
6.742081447963801377e-01
6.622222222222221566e-01
6.506550218340610980e-01
6.394849785407724641e-01
6.286919831223628519e-01
6.182572614107884057e-01
6.081632653061224136e-01
5.983935742971887572e-01
5.889328063241107136e-01
5.797665369649805944e-01
5.708812260536398897e-01
5.622641509433962126e-01
5.539033457249070702e-01
5.457875457875457359e-01
5.379061371841155070e-01
5.302491103202846556e-01
5.228070175438596090e-01
5.155709342560553798e-01
5.085324232081911422e-01
5.016835016835017313e-01
4.950166112956809750e-01
4.885245901639344579e-01
4.822006472491908724e-01
4.760383386581470422e-01
4.700315457413248854e-01
4.641744548286604877e-01
4.584615384615384204e-01
4.528875379939209522e-01
4.474474474474474661e-01
4.421364985163204753e-01
4.369501466275659829e-01
4.318840579710145344e-01
4.269340974212034734e-01
4.220963172804532149e-01
4.173669467787115006e-01
4.127423822714680890e-01
4.082191780821918248e-01
4.037940379403793800e-01
3.994638069705093719e-01
3.952254641909814237e-01
3.910761154855643129e-01
3.870129870129870309e-01
3.830334190231362568e-01
3.791348600508905875e-01
3.753148614609571609e-01
3.715710723192020004e-01
3.679012345679011919e-01
3.643031784841075926e-01
3.607748184019370363e-01
3.573141486810551548e-01
3.539192399049881366e-01
3.505882352941176450e-01
3.473193473193473269e-01
3.441108545034642363e-01
3.409610983981693488e-01
3.378684807256235323e-01
3.348314606741573107e-01
3.318485523385301117e-01
3.289183222958056985e-01
3.260393873085338790e-01
3.232104121475053993e-01
3.204301075268817245e-01
3.176972281449893520e-01
3.150105708245243274e-01
3.123689727463312416e-01
3.097713097713097885e-01
3.072164948453608435e-01
3.047034764826175857e-01
3.022312373225152227e-01
2.997987927565392563e-01
2.974051896207584589e-01
2.950495049504950340e-01
2.927308447937131408e-01
2.904483430799220112e-01
2.882011605415860656e-01
2.859884836852207290e-01
2.838095238095237893e-01
2.816635160680529548e-01
2.795497185741088186e-01
2.774674115456238765e-01
2.754158964879852567e-01
2.733944954128440519e-01
2.714025500910746680e-01
2.694394213381555159e-01
2.675044883303411281e-01
2.655971479500891519e-01
2.637168141592920456e-01
2.618629173989455161e-01
2.600349040139616208e-01
2.582322357019063985e-01
2.564543889845094515e-01
2.547008547008547397e-01
2.529711375212224111e-01
2.512647554806070604e-01
2.495812395309882636e-01
2.479201331114808948e-01
2.462809917355371914e-01
2.446633825944170559e-01
2.430668841761827181e-01
2.414910858995138188e-01
2.399355877616747290e-01
2.383999999999999730e-01
2.368839427662957076e-01
2.353870458135861321e-01
2.339089481946624860e-01
2.324492979719188779e-01
2.310077519379844790e-01
2.295839753466872024e-01
2.281776416539050834e-01
2.267884322678843378e-01
2.254160363086232799e-01
2.240601503759398483e-01
2.227204783258595333e-01
2.213967310549777301e-01
2.200886262924667547e-01
2.187958883994126358e-01
2.175182481751824770e-01
2.162554426705370347e-01
2.150072150072150079e-01
2.137733142037302470e-01
2.125534950071326645e-01
2.113475177304964814e-01
2.101551480959097384e-01
2.089761570827489423e-01
2.078103207810320929e-01
2.066574202496532786e-01
2.055172413793103503e-01
2.043895747599451251e-01
2.032742155525238403e-01
2.021709633649932114e-01
2.010796221322537214e-01
2.000000000000000111e-01
