# d_a
0.000000000000000000e+00
4.814152692273347611e+01
9.509562507577696522e+01
1.408958474676996957e+02
1.855745331425654570e+02
2.291628642761396861e+02
2.716909199668199903e+02
3.131877269413828913e+02
3.536813073794008915e+02
3.931987240451948082e+02
4.317661229024932368e+02
4.694087733742877617e+02
5.061511063987688885e+02
5.420167504215019108e+02
5.770285654541058875e+02
6.112086753205904870e+02
6.445784982040946716e+02
6.771587755989556854e+02
7.089695997658888018e+02
7.400304397813613377e+02
7.703601662661054661e+02
7.999770748720000029e+02
8.288989086012509233e+02
8.571428790269069395e+02
8.847256864791784210e+02
9.116635392578127721e+02
9.379721719268329707e+02
9.636668627443169726e+02
9.887624502764861063e+02
1.013273349242219183e+03
1.037213565631159554e+03
1.060596711135872965e+03
1.083436016935927682e+03
1.105744346869429364e+03
1.127534210025300808e+03
1.148817772787554986e+03
1.169606870360870516e+03
1.189913017804982474e+03
1.209747420603729552e+03
1.229120984793034950e+03
1.248044326670615646e+03
1.266527782108883684e+03
1.284581415491178177e+03
1.302215028290324199e+03
1.319438167307345566e+03
1.336260132587158978e+03
1.352689985027072680e+03
1.368736553692995358e+03
1.384408442857428554e+03
1.399714038772483264e+03
1.414661516190433986e+03
1.429258844643597740e+03
1.443513794494693229e+03
1.457433942768179804e+03
1.471026678772530431e+03
1.484299209522826004e+03
1.497258564972555405e+03
1.509911603063024359e+03
1.522265014598331618e+03
1.534325327953433089e+03
1.546098913622442524e+03
1.557591988613908370e+03
1.568810620699498486e+03
1.579760732522155195e+03
1.590448105569498011e+03
1.600878384017949656e+03
1.611057078452784936e+03
1.620989569469049002e+03
1.630681111158047770e+03
1.640136834483868370e+03
1.649361750554202217e+03
1.658360753789500450e+03
1.667138624994339580e+03
1.675700034334652173e+03
1.684049544224345254e+03
1.692191612124634275e+03
1.700130593259295210e+03
1.707870743248870212e+03
1.715416220666735853e+03
1.722771089519822908e+03
1.729939321656628408e+03
1.736924799105080183e+03
1.743731316342666105e+03
1.750362582501169300e+03
1.756822223508235538e+03
1.763113784167904669e+03
1.769240730182151992e+03
1.775206450115417283e+03
1.781014257303978866e+03
1.786667391712008794e+03
1.792169021736020795e+03
1.797522245959390148e+03
1.802730094858546181e+03
1.807795532462370147e+03
1.812721457966284333e+03
1.817510707302458968e+03
1.822166054667492290e+03
1.826690214008905286e+03
1.831085840471698020e+03
1.835355531806210820e+03
1.839501829738450169e+03
1.843527221304035947e+03
1.847434140146845721e+03
1.851224967783428156e+03
1.854902034834196229e+03
1.858467622222387718e+03
1.861923962341742708e+03
1.865273240193813308e+03
1.868517594495794128e+03
1.871659118759727789e+03
1.874699862343913992e+03
1.877641831477316600e+03
1.880486990257753860e+03
1.883237261624602525e+03
1.885894528306755774e+03
1.888460633746522262e+03
1.890937383000149566e+03
1.893326543615626861e+03
1.895629846488400062e+03
1.897848986695614713e+03
1.899985624309482318e+03
1.902041385190344954e+03
1.904017861759997913e+03
1.905916613755814979e+03
1.907739168966192665e+03
1.909487023947830494e+03
1.911161644725336600e+03
1.912764467473637978e+03
1.914296899183656251e+03
1.915760318311703941e+03
1.917156075413033250e+03
1.918485493759963447e+03
1.919749869944995908e+03
1.920950474469317669e+03
1.922088552317078893e+03
1.923165323515820091e+03
1.924181983683415865e+03
1.925139704561887356e+03
1.926039634538428345e+03
1.926882899153981043e+03
1.927670601599678548e+03
1.928403823201483874e+03
1.929083623893313415e+03
1.929711042678960894e+03
1.930287098297985722e+03
1.930812789031147304e+03
1.931289093743121612e+03
1.931716972122225116e+03
1.932097365077970153e+03
1.932431195141530452e+03
1.932719366856862734e+03
1.932962767162722457e+03
1.933162265765797201e+03
1.933318715505189175e+03
1.933432952708460107e+03
1.933505797539455443e+03
1.933538054338110896e+03
1.933530511952441429e+03
1.933483944062912542e+03
1.933399109499379392e+03
1.933276752550781111e+03
1.933117603267769709e+03
1.932922377758449784e+03
1.932691778477395474e+03
1.932426494508118139e+03
1.932127201839137115e+03
1.931794563633819052e+03
1.931429230494131616e+03
1.931031840718468629e+03
1.930603020553681290e+03
1.930143384441468015e+03
1.929653535259250475e+03
1.929134064555676787e+03
1.928585552780877833e+03
1.928008569511605856e+03
1.927403673671379693e+03
1.926771413745752398e+03
1.926112327992825158e+03
1.925426944649116422e+03
1.924715782130901744e+03
1.923979349231127117e+03
1.923218145312008573e+03
1.922432660493415142e+03
1.921623375837137019e+03
1.920790763527139461e+03
1.919935287045892892e+03
1.919057401346874713e+03
1.918157553023334231e+03
1.917236180473406421e+03
1.916293714061660012e+03
1.915330576277167438e+03
1.914347181888173736e+03
1.913343938093446468e+03
1.912321244670382384e+03
1.911279494119950641e+03
1.910219071808537592e+03
1.909140356106776380e+03
1.908043718525420218e+03
1.906929523848337112e+03
1.905798130262683799e+03
1.904649889486332313e+03
1.903485146892604234e+03
1.902304241632382627e+03
1.901107506753654889e+03
1.899895269318547207e+03
1.898667850517912484e+03
1.897425565783517868e+03
1.896168724897899438e+03
1.894897632101921999e+03
1.893612586200111082e+03
1.892313880663794407e+03
1.891001803732111512e+03
1.889676638510935845e+03
1.888338663069755285e+03
1.886988150536559033e+03
1.885625369190775700e+03
1.884250582554303492e+03
1.882864049480678432e+03
1.881466024242419962e+03
1.880056756616595521e+03
1.878636491968641849e+03
1.877205471334485992e+03
1.875763931500996478e+03
1.874312105084810582e+03
1.872850220609564758e+03
1.871378502581568227e+03
1.869897171563956135e+03
1.868406444249347487e+03
1.866906533531048353e+03
1.865397648572830576e+03
1.863879994877312583e+03
1.862353774352978235e+03
1.860819185379860983e+03
1.859276422873921319e+03
1.857725678350148200e+03
1.856167139984409005e+03
1.854600992674077588e+03
1.853027418097467262e+03
1.851446594772090066e+03
1.849858698111773037e+03
1.848263900482651934e+03
1.846662371258068106e+03
1.845054276872391938e+03
1.843439780873795598e+03
1.841819043975996692e+03
1.840192224108996470e+03
1.838559476468830326e+03
1.836920953566356957e+03
1.835276805275100742e+03
1.833627178878171435e+03
1.831972219114279142e+03
1.830312068222862081e+03
1.828646865988349646e+03
1.826976749783573496e+03
1.825301854612349189e+03
1.823622313151244043e+03
1.821938255790546918e+03
1.820249810674458786e+03
1.818557103740516595e+03
1.816860258758272266e+03
1.815159397367235670e+03
1.813454639114102065e+03
1.811746101489273997e+03
1.810033899962697660e+03
1.808318148019021010e+03
1.806598957192094986e+03
1.804876437098825363e+03
1.803150695472391590e+03
1.801421838194844668e+03
1.799689969329094765e+03
1.797955191150306064e+03
1.796217604176705663e+03
1.794477307199819734e+03
1.792734397314152375e+03
1.790988969946310363e+03
1.789241118883594254e+03
1.787490936302059936e+03
1.785738512794063809e+03
1.783983937395300472e+03
1.782227297611347240e+03
1.780468679443718202e+03
1.778708167415444905e+03
1.776945844596188181e+03
1.775181792626892047e+03
1.773416091743989455e+03
1.771648820803168519e+03
1.769880057302705154e+03
1.768109877406376199e+03
1.766338355965955088e+03
1.764565566543303930e+03
1.762791581432064504e+03
1.761016471678962034e+03
1.759240307104722660e+03
1.757463156324617557e+03
1.755685086768639167e+03
1.753906164701315674e+03
1.752126455241171470e+03
1.750346022379841315e+03
1.748564929000844359e+03
1.746783236898022551e+03
1.745001006793654824e+03
1.743218298356247260e+03
1.741435170218010171e+03
1.739651679992026857e+03
1.737867884289117455e+03
1.736083838734407891e+03
1.734299597983606191e+03
1.732515215738993902e+03
1.730730744765135341e+03
1.728946236904314901e+03
1.727161743091700828e+03
1.725377313370247975e+03
1.723592996905337486e+03
1.721808841999164997e+03
1.720024896104875324e+03
1.718241205840454995e+03
1.716457817002382626e+03
1.714674774579042605e+03
1.712892122763908901e+03
1.711109904968499677e+03
1.709328163835109763e+03
1.707546941249324163e+03
1.705766278352315112e+03
1.703986215552931526e+03
1.702206792539577691e+03
1.700428048291891628e+03
1.698650021092222005e+03
1.696872748536911558e+03
1.695096267547385423e+03
1.693320614381055293e+03
1.691545824642033040e+03
1.689771933291667210e+03
1.687998974658898305e+03
1.686226982450440573e+03
1.684455989760791454e+03
1.682686029082072082e+03
1.680917132313701586e+03
1.679149330771909717e+03
1.677382655199089413e+03
1.675617135772992242e+03
1.673852802115769464e+03
1.672089683302863705e+03
1.670327807871748973e+03
1.668567203830528797e+03
1.666807898666387700e+03
1.665049919353903988e+03
1.663293292363224054e+03
1.661538043668100727e+03
1.659784198753798364e+03
1.658031782624868356e+03
1.656280819812793879e+03
1.654531334383510966e+03
1.652783349944803604e+03
1.651036889653578555e+03
1.649291976223019219e+03
1.647548631929623525e+03
1.645806878620124280e+03
1.644066737718299237e+03
1.642328230231666339e+03
1.640591376758072329e+03
1.638856197492171987e+03
1.637122712231803689e+03
1.635390940384258556e+03
1.633660900972450008e+03
1.631932612640982370e+03
1.630206093662120566e+03
1.628481361941663863e+03
1.626758435024723894e+03
1.625037330101409680e+03
1.623318064012421701e+03
1.621600653254553208e+03
1.619885113986107626e+03
1.618171462032222053e+03
1.616459712890112314e+03
1.614749881734229120e+03
1.613041983421333498e+03
1.611336032495490372e+03
1.609632043192982792e+03
1.607930029447147035e+03
1.606230004893131536e+03
1.604531982872578510e+03
1.602835976438232819e+03
1.601141998358475576e+03
1.599450061121787940e+03
1.597760176941141935e+03
1.596072357758323506e+03
1.594386615248186217e+03
1.592702960822837440e+03
1.591021405635759265e+03
1.589341960585863490e+03
1.587664636321483613e+03
1.585989443244303402e+03
1.584316391513222470e+03
1.582645491048165013e+03
1.580976751533823744e+03
1.579310182423348579e+03
1.577645792941976879e+03
1.575983592090605271e+03
1.574323588649308931e+03
1.572665791180801079e+03
1.571010208033844037e+03
