# d_c
0.000000000000000000e+00
4.862294219196081002e+01
9.699753757729250481e+01
1.451227228917306888e+02
1.929975144682680934e+02
2.406210074899466917e+02
2.879923751648291841e+02
3.351108678272797192e+02
3.819758119697530105e+02
4.285866092092623489e+02
4.749427351927425889e+02
5.210437384454594394e+02
5.668892391666212234e+02
6.124789279762970864e+02
6.578125646176807777e+02
7.028899766186790430e+02
7.477110579167497235e+02
7.922757674507780621e+02
8.365841277237486793e+02
8.806362233398199351e+02
9.244321995193265593e+02
9.679722605951200194e+02
1.011256668493526149e+03
1.054285741203095540e+03
1.097059851234181224e+03
1.139579424072265965e+03
1.181844936627809602e+03
1.223856915685282502e+03
1.265615936353902271e+03
1.307122620522462739e+03
1.348377635320507579e+03
1.389381691587993600e+03
1.430135542355424604e+03
1.470639981336341179e+03
1.510895841433903115e+03
1.550903993263199482e+03
1.590665343690783857e+03
1.630180834392826227e+03
1.669451440433146672e+03
1.708478168862318626e+03
1.747262057338861950e+03
1.785804172773526261e+03
1.824105609997473039e+03
1.862167490455163488e+03
1.899990960922577642e+03
1.937577192251380438e+03
1.974927378139526127e+03
2.012042733928703228e+03
2.048924495428994305e+03
2.085573917771000197e+03
2.121992274285651092e+03
2.158180855411832454e+03
2.194140967631933563e+03
2.229873932435315055e+03
2.265381085309697028e+03
2.300663774760380420e+03
2.335723361357186604e+03
2.370561216808948302e+03
2.405178723065364011e+03
2.439577271445958559e+03
2.473758261795908311e+03
2.507723101668392246e+03
2.541473205533187866e+03
2.575009994011112667e+03
2.608334893133976948e+03
2.641449333629616831e+03
2.674354750231623257e+03
2.707052581013311737e+03
2.739544266745520417e+03
2.771831250277737581e+03
2.803914975942143883e+03
2.835796888980045878e+03
2.867478434990263850e+03
2.898961059398948237e+03
2.930246206950360829e+03
2.961335321218110039e+03
2.992229844136359588e+03
3.022931215550500383e+03
3.053440872786789896e+03
3.083760250240482947e+03
3.113890778981931362e+03
3.143833886380195054e+03
3.173590995743652456e+03
3.203163525977140125e+03
3.232552891255153099e+03
3.261760500710624001e+03
3.290787758138802474e+03
3.319636061715830692e+03
3.348306803731480159e+03
3.376801370335696902e+03
3.405121141298439397e+03
3.433267489782435405e+03
3.461241782128408431e+03
3.489045377652374555e+03
3.516679628454591693e+03
3.544145879239795249e+03
3.571445467148284934e+03
3.598579721597543539e+03
3.625549964133962021e+03
3.652357508294359377e+03
3.679003659476900339e+03
3.705489714821111647e+03
3.731816963096628569e+03
3.757986684600359695e+03
3.784000151061760334e+03
3.809858625555894378e+03
3.835563362423989929e+03
3.861115607201194052e+03
3.886516596551251951e+03
3.911767558207830916e+03
3.936869710922219383e+03
3.961824264417138693e+03
3.986632419346438382e+03
4.011295367260403054e+03
4.035814290576457552e+03
4.060190362555023512e+03
4.084424747280323572e+03
4.108518599645910399e+03
4.132473065344711358e+03
4.156289280863396016e+03
4.179968373480861374e+03
4.203511461270662039e+03
4.226919653107194790e+03
4.250194048675467457e+03
4.273335738484272042e+03
4.296345803882618384e+03
4.319225317079260094e+03
4.341975341165158170e+03
4.364596930138736752e+03
4.387091128933801883e+03
4.409458973449975929e+03
4.431701490585515785e+03
4.453819698272391179e+03
4.475814605513510287e+03
4.497687212421964432e+03
4.519438510262177260e+03
4.541069481492861996e+03
4.562581099811673084e+03
4.583974330201459452e+03
4.605250128978014800e+03
4.626409443839229425e+03
4.647453213915576271e+03
4.668382369821818429e+03
4.689197833709874430e+03
4.709900519847084979e+03
4.730491333126311474e+03
4.750971170608078864e+03
4.771340921141895706e+03
4.791601465393366198e+03
4.811753675902411487e+03
4.831798417142156723e+03
4.851736545578432924e+03
4.871568909729809093e+03
4.891296350228129086e+03
4.910919699879488689e+03
4.930439783725611051e+03
4.949857419105564077e+03
4.969173415717775242e+03
4.988388575682314695e+03
5.007503693603392094e+03
5.026519556632030799e+03
5.045436944528879394e+03
5.064256629727138716e+03
5.082979377395549818e+03
5.101605945501431961e+03
5.120137084873714230e+03
5.138573539265958971e+03
5.156916045419331567e+03
5.175165333125495636e+03
5.193322125289402720e+03
5.211387137991963755e+03
5.229361080552568637e+03
5.247244655591440278e+03
5.265038559091796742e+03
5.282743480461800573e+03
5.300360102596294382e+03
5.317889101938276326e+03
5.335331148540125469e+03
5.352686906124544294e+03
5.369957032145215635e+03
5.387142177847155835e+03
5.404242988326744126e+03
5.421260102591430950e+03
5.438194153619097960e+03
5.455045768417076033e+03
5.471815568080794947e+03
5.488504167852061983e+03
5.505112177176969453e+03
5.521640199763410237e+03
5.538088833638197684e+03
5.554458671203786253e+03
5.570750299294585602e+03
5.586964299232863596e+03
5.603101246884220018e+03
5.619161712712654662e+03
5.635146261835186124e+03
5.651055454076057686e+03
5.666889844020497549e+03
5.682649981068044326e+03
5.698336409485425065e+03
5.713949668458996712e+03
5.729490292146739193e+03
5.744958809729795576e+03
5.760355745463574749e+03
5.775681618728383910e+03
5.790936944079632667e+03
5.806122231297565122e+03
5.821237985436550844e+03
5.836284706873920186e+03
5.851262891358343040e+03
5.866173030057762844e+03
5.881015609606866747e+03
5.895791112154120128e+03
5.910500015408333638e+03
5.925142792684795495e+03
5.939719912950943581e+03
5.954231840871599161e+03
5.968679036853750404e+03
5.983061957090895703e+03
5.997381053606939531e+03
6.011636774299654462e+03
6.025829562983700271e+03
6.039959859433209203e+03
6.054028099423938329e+03
6.068034714774989880e+03
6.081980133390096853e+03
6.095864779298497524e+03
6.109689072695366121e+03
6.123453429981838781e+03
6.137158263804612943e+03
6.150803983095132025e+03
6.164390993108358089e+03
6.177919695461137962e+03
6.191390488170158278e+03
6.204803765689494867e+03
6.218159918947770166e+03
6.231459335384900442e+03
6.244702398988464665e+03
6.257889490329664113e+03
6.271020986598910895e+03
6.284097261641016303e+03
6.297118685990012636e+03
6.310085626903580305e+03
6.322998448397119319e+03
6.335857511277428785e+03
6.348663173176038072e+03
6.361415788582153255e+03
6.374115708875258861e+03
6.386763282357350363e+03
6.399358854284818335e+03
6.411902766899976996e+03
6.424395359462246233e+03
6.436836968278990753e+03
6.449227926736014524e+03
6.461568565327715987e+03
6.473859211686916751e+03
6.486100190614347412e+03
6.498291824107817774e+03
6.510434431391049657e+03
6.522528328942196822e+03
6.534573830522048411e+03
6.546571247201908591e+03
6.558520887391172437e+03
6.570423056864592581e+03
6.582278058789236638e+03
6.594086193751146311e+03
6.605847759781700915e+03
6.617563052383677132e+03
6.629232364557028632e+03
6.640855986824359206e+03
6.652434207256133050e+03
6.663967311495577633e+03
6.675455582783330101e+03
6.686899301981788085e+03
6.698298747599201306e+03
6.709654195813478509e+03
6.720965920495746104e+03
6.732234193233620317e+03
6.743459283354236504e+03
6.754641457947006529e+03
6.765780981886129666e+03
6.776878117852845207e+03
6.787933126357438596e+03
6.798946265760996539e+03
6.809917792296919288e+03
6.820847960092199173e+03
6.831737021188441759e+03
6.842585225562675987e+03
6.853392821147905124e+03
6.864160053853452155e+03
6.874887167585051429e+03
6.885574404264742043e+03
6.896222003850512920e+03
6.906830204355746901e+03
6.917399241868438367e+03
6.927929350570197130e+03
6.938420762755038595e+03
6.948873708847970192e+03
6.959288417423360443e+03
6.969665115223110661e+03
6.980004027174619296e+03
6.990305376408550728e+03
7.000569384276400342e+03
7.010796270367868601e+03
7.020986252528035038e+03
7.031139546874353073e+03
7.041256367813442012e+03
7.051336928057705336e+03
7.061381438641752538e+03
7.071390108938647245e+03
7.081363146675972530e+03
7.091300757951717969e+03
7.101203147249990252e+03
7.111070517456550988e+03
7.120903069874184439e+03
7.130701004237888810e+03
7.140464518729912015e+03
7.150193809994607363e+03
7.159889073153138270e+03
7.169550501818012890e+03
7.179178288107461412e+03
7.188772622659654189e+03
7.198333694646770709e+03
7.207861691788901226e+03
7.217356800367810138e+03
7.226819205240539304e+03
7.236249089852865836e+03
7.245646636252611643e+03
7.255012025102810185e+03
7.264345435694727712e+03
7.273647045960743526e+03
7.282917032487086544e+03
7.292155570526440897e+03
7.301362834010407823e+03
7.310538995561834781e+03
7.319684226507012681e+03
7.328798696887737606e+03
7.337882575473245197e+03
7.346936029772011352e+03
7.355959226043436502e+03
7.364952329309386187e+03
7.373915503365628865e+03
7.382848910793130017e+03
7.391752712969241657e+03
7.400627070078760880e+03
7.409472141124872905e+03
7.418288083939979515e+03
7.427075055196411085e+03
7.435833210417017654e+03
7.444562703985659027e+03
7.453263689157572117e+03
7.461936318069633671e+03
7.470580741750512061e+03
7.479197110130710826e+03
7.487785572052507632e+03
7.496346275279787733e+03
7.504879366507767372e+03
7.513384991372628065e+03
7.521863294461031728e+03
7.530314419319551234e+03
7.538738508463990911e+03
7.547135703388614274e+03
7.555506144575274448e+03
7.563849971502443623e+03
7.572167322654158852e+03
7.580458335528861426e+03
7.588723146648153488e+03
7.596961891565460064e+03
7.605174704874596500e+03
7.613361720218256778e+03
7.621523070296400874e+03
7.629658886874566633e+03
7.637769300792088870e+03
7.645854441970232074e+03
7.653914439420246708e+03
7.661949421251334570e+03
7.669959514678534106e+03
7.677944846030527515e+03
7.685905540757363269e+03
7.693841723438100416e+03
7.701753517788378304e+03
7.709641046667900810e+03
7.717504432087853274e+03
7.725343795218235755e+03
7.733159256395126249e+03
7.740950935127868433e+03
7.748718950106183911e+03
7.756463419207218067e+03
7.764184459502504978e+03
7.771882187264873210e+03
7.779556717975270658e+03
7.787208166329529377e+03
7.794836646245054908e+03
7.802442270867452862e+03
7.810025152577088193e+03
7.817585402995575350e+03
7.825123132992204773e+03
7.832638452690309350e+03
7.840131471473559031e+03
7.847602297992198146e+03
7.855051040169219959e+03
