# d_l
0.000000000000000000e+00
4.910917161388042018e+01
9.893748832883835576e+01
1.494764045784826010e+02
2.007174150469988376e+02
2.526520578644440320e+02
3.052719176747189636e+02
3.585686285751893365e+02
4.125338769273332673e+02
4.671594040380959996e+02
5.224370087120169046e+02
5.783585496744600505e+02
6.349159478666158520e+02
6.921011886132156405e+02
7.499063236641561616e+02
8.083234731114808937e+02
8.673448271834296293e+02
9.269626479174103224e+02
9.871692707140233551e+02
1.047957105774385582e+03
1.109318639423191826e+03
1.171246435320095088e+03
1.233733135562101779e+03
1.296771461679807544e+03
1.360354215530384636e+03
1.424474280090332513e+03
1.489124620151040062e+03
1.554298282920308793e+03
1.619988398532995006e+03
1.686188180473976900e+03
1.752890925916659853e+03
1.820090015980271801e+03
1.887778915909160560e+03
1.955951175177333880e+03
2.024600427521430220e+03
2.093720390905319618e+03
2.163304867419466063e+03
2.233347743118172275e+03
2.303842987797742353e+03
2.374784654718623187e+03
2.446166880274406594e+03
2.517983883610672365e+03
2.590229966196411624e+03
2.662899511350883586e+03
2.735986983728511859e+03
2.809486928764501499e+03
2.883393972083707922e+03
2.957702818875193771e+03
3.032408253234911626e+03
3.107505137478790402e+03
3.182988411428476866e+03
3.258853091671866878e+03
3.335094270800539107e+03
3.411707116626032075e+03
3.488686871376933595e+03
3.566028850878589765e+03
3.643728443717211121e+03
3.721781110390048980e+03
3.800182382443275401e+03
3.878927861599073822e+03
3.958013218873453297e+03
4.037434193686111030e+03
4.117186592963764269e+03
4.197266290238113470e+03
4.277669224739722267e+03
4.358391400488867475e+03
4.439428885384494606e+03
4.520777810292230242e+03
4.602434368132474447e+03
4.684394812969376289e+03
4.766655459101644738e+03
4.849212680155877933e+03
4.932062908183253967e+03
5.015202632760180677e+03
5.098628400093627533e+03
5.182336812131692568e+03
5.266324525679992803e+03
5.350588251524385669e+03
5.435124753560486170e+03
5.519930847930464552e+03
5.605003402167476452e+03
5.690339334348152988e+03
5.775935612253447289e+03
5.861789252538166693e+03
5.947897319909481666e+03
6.034256926314654265e+03
6.120865230138172592e+03
6.207719435408604113e+03
6.294816791015182389e+03
6.382154589934467367e+03
6.469730168467034673e+03
6.557540905484452196e+03
6.645584221686543970e+03
6.733857578869083227e+03
6.822358479201907357e+03
6.911084464517601191e+03
7.000033115610638561e+03
7.089202051547160409e+03
7.178588928985244820e+03
7.268191441505775401e+03
7.358007318953800677e+03
7.448034326790433624e+03
7.538270265455189474e+03
7.628712969738730862e+03
7.719360308165991228e+03
7.810210182389582769e+03
7.901260526593419854e+03
7.992509306906472375e+03
8.083954520826604494e+03
8.175594196654365987e+03
8.267426392936660704e+03
8.359449197920164806e+03
8.451660729014449316e+03
8.544059132264657819e+03
8.636642581833619261e+03
8.729409279493302165e+03
8.822357454125500226e+03
8.915485361231625575e+03
9.008791282451469669e+03
9.102273525090837211e+03
9.195930421657896659e+03
9.289760329408163670e+03
9.383761629897971943e+03
9.477932728546293220e+03
9.572272054204770029e+03
9.666778058735892046e+03
9.761449216599126885e+03
9.856284024444908937e+03
9.951281000716320705e+03
1.004643868525840662e+04
1.014175563893494473e+04
1.023723044325254159e+04
1.033286169999194863e+04
1.042864803084647974e+04
1.052458807706739572e+04
1.062068049911611706e+04
1.071692397632315624e+04
1.081331720655366553e+04
1.090985890587947324e+04
1.100654780825745547e+04
1.110338266521415244e+04
1.120036224553654029e+04
1.129748533496880009e+04
1.139475073591499313e+04
1.149215726842688673e+04
1.158970376615946407e+04
1.168738907969587308e+04
1.178521207522048098e+04
1.188317163417554730e+04
1.198126665299700653e+04
1.207949604285539135e+04
1.217785872940186528e+04
1.227635365251911935e+04
1.237497976607716737e+04
1.247373603769390138e+04
1.257262144850030745e+04
1.267163499291024345e+04
1.277077567839468429e+04
1.287004252526037271e+04
1.296943456643278478e+04
1.306895084724328080e+04
1.316859042522037635e+04
1.326835236988510405e+04
1.336823576255029548e+04
1.346823969612378096e+04
1.356836327491534394e+04
1.366860561444745144e+04
1.376896584126961534e+04
1.386944309277632601e+04
1.397003651702849311e+04
1.407074527257830232e+04
1.417156852829746094e+04
1.427250546320871581e+04
1.437355526632060537e+04
1.447471713646533499e+04
1.457599028213981001e+04
1.467737392134964102e+04
1.477886728145614688e+04
1.488046959902623530e+04
1.498218011968515202e+04
1.508399809797203488e+04
1.518592279719815087e+04
1.528795348930783621e+04
1.539008945474204847e+04
1.549232998230449448e+04
1.559467436903026646e+04
1.569712192005689940e+04
1.579967194849790212e+04
1.590232377531862039e+04
1.600507672921439189e+04
1.610793014649098222e+04
1.621088337094724557e+04
1.631393575375996079e+04
1.641708665337076309e+04
1.652033543537520382e+04
1.662368147241379847e+04
1.672712414406513199e+04
1.683066283674087754e+04
1.693429694358277266e+04
1.703802586436142155e+04
1.714184900537698923e+04
1.724576577936168542e+04
1.734977560538398393e+04
1.745387790875463179e+04
1.755807212093428825e+04
1.766235767944287727e+04
1.776673402777054798e+04
1.787120061529021041e+04
1.797575689717167552e+04
1.808040233429727959e+04
1.818513639317906564e+04
1.828995854587735448e+04
1.839486826992085480e+04
1.849986504822808274e+04
1.860494836903025862e+04
1.871011772579547323e+04
1.881537261715425484e+04
1.892071254682638755e+04
1.902613702354905035e+04
1.913164556100613845e+04
1.923723767775889428e+04
1.934291289717767722e+04
1.944867074737493385e+04
1.955451076113932140e+04
1.966043247587096994e+04
1.976643543351781409e+04
1.987251918051310349e+04
1.997868326771384818e+04
2.008492725034043178e+04
2.019125068791717786e+04
2.029765314421393850e+04
2.040413418718866524e+04
2.051069338893097665e+04
2.061733032560662832e+04
2.072404457740291036e+04
2.083083572847503092e+04
2.093770336689326359e+04
2.104464708459112808e+04
2.115166647731426565e+04
2.125876114457030781e+04
2.136593068957945434e+04
2.147317471922594268e+04
2.158049284401024488e+04
2.168788467800211947e+04
2.179534983879435458e+04
2.190288794745733321e+04
2.201049862849424972e+04
2.211818150979714846e+04
2.222593622260357733e+04
2.233376240145401607e+04
2.244165968414991949e+04
2.254962771171248460e+04
2.265766612834204716e+04
2.276577458137813301e+04
2.287395272126011332e+04
2.298220020148855474e+04
2.309051667858707879e+04
2.319890181206490888e+04
2.330735526437995941e+04
2.341587670090248503e+04
2.352446578987937392e+04
2.363312220239888848e+04
2.374184561235604633e+04
2.385063569641847062e+04
2.395949213399282235e+04
2.406841460719168390e+04
2.417740280080102457e+04
2.428645640224809540e+04
2.439557510156986609e+04
2.450475859138188389e+04
2.461400656684769274e+04
2.472331872564859441e+04
2.483269476795398805e+04
2.494213439639206990e+04
2.505163731602101325e+04
2.516120323430054486e+04
2.527083186106400535e+04
2.538052290849074780e+04
2.549027609107901662e+04
2.560009112561915390e+04
2.570996773116729310e+04
2.581990562901934027e+04
2.592990454268541362e+04
2.603996419786461774e+04
2.615008432242017079e+04
2.626026464635496814e+04
2.637050490178738255e+04
2.648080482292755551e+04
2.659116414605387035e+04
2.670158260948993120e+04
2.681205995358169821e+04
2.692259592067514313e+04
2.703319025509401035e+04
2.714384270311808723e+04
2.725455301296164544e+04
2.736532093475227884e+04
2.747614622050995240e+04
2.758702862412644390e+04
2.769796790134497496e+04
2.780896380974021304e+04
2.792001610869847718e+04
2.803112455939828578e+04
2.814228892479112619e+04
2.825350896958251178e+04
2.836478446021326090e+04
2.847611516484113599e+04
2.858750085332257731e+04
2.869894129719486227e+04
2.881043626965835210e+04
2.892198554555906594e+04
2.903358890137148410e+04
2.914524611518155507e+04
2.925695696666996082e+04
2.936872123709555308e+04
2.948053870927912794e+04
2.959240916758724052e+04
2.970433239791643427e+04
2.981630818767751043e+04
2.992833632578011748e+04
3.004041660261747165e+04
3.015254881005133939e+04
3.026473274139714340e+04
3.037696819140937805e+04
3.048925495626705379e+04
3.060159283355951629e+04
3.071398162227229113e+04
3.082642112277320848e+04
3.093891113679864793e+04
3.105145146744003068e+04
3.116404191913038085e+04
3.127668229763120326e+04
3.138937241001934672e+04
3.150211206467422744e+04
3.161490107126506700e+04
3.172773924073836315e+04
3.184062638530550248e+04
3.195356231843053320e+04
3.206654685481808337e+04
3.217957981040141021e+04
3.229266100233068937e+04
3.240579024896130068e+04
3.251896736984242307e+04
3.263219218570563316e+04
3.274546451845373667e+04
3.285878419114969438e+04
3.297215102800568275e+04
3.308556485437230731e+04
3.319902549672796158e+04
3.331253278266824054e+04
3.342608654089560878e+04
3.353968660120907589e+04
3.365333279449404654e+04
3.376702495271230873e+04
3.388076290889212396e+04
3.399454649711838283e+04
3.410837555252303719e+04
3.422224991127542307e+04
3.433616941057291115e+04
3.445013388863152795e+04
3.456414318467673729e+04
3.467819713893435255e+04
3.479229559262150724e+04
3.490643838793777104e+04
3.502062536805631680e+04
3.513485637711529853e+04
3.524913126020920754e+04
3.536344986338039598e+04
3.547781203361069493e+04
3.559221761881311249e+04
3.570666646782361931e+04
3.582115843039308675e+04
3.593569335717921058e+04
3.605027109973866754e+04
3.616489151051919907e+04
3.627955444285197154e+04
3.639425975094384194e+04
3.650900728986981994e+04
3.662379691556561011e+04
3.673862848482019763e+04
3.685350185526849964e+04
3.696841688538422022e+04
3.708337343447260355e+04
3.719837136266345624e+04
3.731341053090408241e+04
3.742849080095240788e+04
3.754361203537016263e+04
3.765877409751604864e+04
3.777397685153915518e+04
3.788922016237222124e+04
3.800450389572523272e+04
3.811982791807883041e+04
3.823519209667798714e+04
3.835059629952567047e+04
3.846604039537654171e+04
3.858152425373081496e+04
3.869704774482810171e+04
3.881261073964133539e+04
3.892821310987084144e+04
3.904385472793832741e+04
3.915953546698106948e+04
3.927525520084609889e+04
