# d_v
0.000000000000000000e+00
4.331743508997075054e+01
8.637192207170328118e+01
1.291613651218839323e+02
1.716837812949304976e+02
2.139373003990831705e+02
2.559201647146401228e+02
2.976307285597526402e+02
3.390674577094568463e+02
3.802289286737984639e+02
4.211138278411125384e+02
4.617209504926377690e+02
5.020491996947810094e+02
5.420975850754341536e+02
5.818652214907997404e+02
6.213513275892181582e+02
6.605552242785203134e+02
6.994763331033757368e+02
7.381141745391206541e+02
7.764683662084478328e+02
8.145386210273002234e+02
8.523247452861913871e+02
8.898266366730790651e+02
9.270442822437846644e+02
9.639777563458147824e+02
1.000627218501288780e+03
1.036992911254502815e+03
1.073075157989505897e+03
1.108874360722862548e+03
1.144390997876599386e+03
1.179625622036129698e+03
1.214578857697761123e+03
1.249251399010176556e+03
1.283644007514081068e+03
1.317757509883990906e+03
1.351592795675948310e+03
1.385150815084720762e+03
1.418432576713845492e+03
1.451439145361676765e+03
1.484171639826388855e+03
1.516631230732678887e+03
1.548819138382749543e+03
1.580736630633905179e+03
1.612385020804981650e+03
1.643765665613568672e+03
1.674879963145874171e+03
1.705729350860880686e+03
1.736315303630259677e+03
1.766639331815403011e+03
1.796702979382720741e+03
1.826507822058252486e+03
1.856055465522475743e+03
1.885347543646072609e+03
1.914385716767277700e+03
1.943171670011326796e+03
1.971707111652399135e+03
1.999993771518335052e+03
2.028033399438330434e+03
2.055827763733686425e+03
2.083378649751619378e+03
2.110687858442063316e+03
2.137757204977278889e+03
2.164588517414069429e+03
2.191183635398279876e+03
2.217544408911235223e+03
2.243672697057689675e+03
2.269570366894827202e+03
2.295239292301790101e+03
2.320681352889184382e+03
2.345898432947946731e+03
2.370892420436965949e+03
2.395665206008764926e+03
2.420218682072579213e+03
2.444554741894094150e+03
2.468675278731117942e+03
2.492582185004429448e+03
2.516277351503034879e+03
2.539762666623056703e+03
2.563040015639446665e+03
2.586111280009747588e+03
2.608978336709085852e+03
2.631643057595596019e+03
2.654107308805463163e+03
2.676372950176781160e+03
2.698441834701431617e+03
2.720315808004164865e+03
2.741996707848099959e+03
2.763486363665861063e+03
2.784786596115551220e+03
2.805899216660815455e+03
2.826826027174206047e+03
2.847568819563116449e+03
2.868129375417542633e+03
2.888509465678927882e+03
2.908710850329391633e+03
2.928735278100635696e+03
2.948584486201827076e+03
2.968260200065805293e+03
2.987764133112919808e+03
3.007097986531891365e+03
3.026263449077018777e+03
3.045262196881160889e+03
3.064095893283852092e+03
3.082766188673989291e+03
3.101274720346502818e+03
3.119623112372466039e+03
3.137812975482091588e+03
3.155845906960088996e+03
3.173723490552875319e+03
3.191447296387141250e+03
3.209018880899277519e+03
3.226439786775206812e+03
3.243711542900164659e+03
3.260835664317976352e+03
3.277813652199421995e+03
3.294646993819255840e+03
3.311337162541499310e+03
3.327885617812605233e+03
3.344293805162135413e+03
3.360563156210569559e+03
3.376695088683916310e+03
3.392691006434781684e+03
3.408552299469560239e+03
3.424280343981461101e+03
3.439876502389029611e+03
3.455342123379910845e+03
3.470678541959547601e+03
3.485887079504554549e+03
3.500969043820504794e+03
3.515925729203878745e+03
3.530758416507934726e+03
3.545468373212275765e+03
3.560056853495868836e+03
3.574525098313335548e+03
3.588874335474280088e+03
3.603105779725470711e+03
3.617220632835687411e+03
3.631220083683043867e+03
3.645105308344619516e+03
3.658877470188233019e+03
3.672537719966196619e+03
3.686087195910888113e+03
3.699527023832019495e+03
3.712858317215433090e+03
3.726082206726995082e+03
3.739199723109688421e+03
3.752211972474728555e+03
3.765120020026766724e+03
3.777924919159217097e+03
3.790627711559691306e+03
3.803229427316151941e+03
3.815731085023684955e+03
3.828133691891810940e+03
3.840438243852224787e+03
3.852645725666910948e+03
3.864757111036527931e+03
3.876773362709000139e+03
3.888695432588242511e+03
3.900524261842941996e+03
3.912260781015352677e+03
3.923905910130012671e+03
3.935460558802348714e+03
3.946925626347107482e+03
3.958302001886549988e+03
3.969590564458378594e+03
3.980792183123333416e+03
3.991907717072424475e+03
4.002938015733751399e+03
4.013883918878884742e+03
4.024746256728743901e+03
4.035525850058976630e+03
4.046223510304772844e+03
4.056840039665100448e+03
4.067376231206332250e+03
4.077832868965233956e+03
4.088210728051290516e+03
4.098510574748344879e+03
4.108733166615542359e+03
4.118879252587527844e+03
4.128949573073918145e+03
4.138944860058003542e+03
4.148865837194672167e+03
4.158713219907543134e+03
4.168487715485296576e+03
4.178190023177191506e+03
4.187820834287739672e+03
4.197380832270564497e+03
4.206870692821396915e+03
4.216291083970226282e+03
4.225642666172589998e+03
4.234926092399990011e+03
4.244142008229448948e+03
4.253291051932182199e+03
4.262373854561388725e+03
4.271391040039173276e+03
4.280343225242566405e+03
4.289231020088670448e+03
4.298055027618915119e+03
4.306815844082428157e+03
4.315514059018512853e+03
4.324150255338245188e+03
4.332725009405189667e+03
4.341238891115218394e+03
4.349692463975466126e+03
4.358086285182392203e+03
4.366420905698973911e+03
4.374696870331030368e+03
4.382914717802668747e+03
4.391074980830878303e+03
4.399178186199245829e+03
4.407224854830839831e+03
4.415215501860217955e+03
4.423150636704610406e+03
4.431030763134244808e+03
4.438856379341851607e+03
4.446627978011329105e+03
4.454346046385587215e+03
4.462011066333577219e+03
4.469623514416510261e+03
4.477183861953267296e+03
4.484692575085011413e+03
4.492150114839014350e+03
4.499556937191689030e+03
4.506913493130852657e+03
4.514220228717214013e+03
4.521477585145099511e+03
4.528685998802419817e+03
4.535845901329885237e+03
4.542957719679487127e+03
4.550021876172235352e+03
4.557038788555172687e+03
4.564008870057666172e+03
4.570932529446987246e+03
4.577810171083186106e+03
4.584642194973268488e+03
4.591428996824677597e+03
4.598170968098101184e+03
4.604868496059597419e+03
4.611521963832044094e+03
4.618131750445949365e+03
4.624698230889587649e+03
4.631221776158496141e+03
4.637702753304337421e+03
4.644141525483130863e+03
4.650538452002849226e+03
4.656893888370409513e+03
4.663208186338054475e+03
4.669481693949124747e+03
4.675714755583243459e+03
4.681907712000907850e+03
4.688060900387505171e+03
4.694174654396751976e+03
4.700249304193569515e+03
4.706285176496394342e+03
4.712282594618945041e+03
4.718241878511438699e+03
4.724163344801263520e+03
4.730047306833133007e+03
4.735894074708699918e+03
4.741703955325663628e+03
4.747477252416359988e+03
4.753214266585844598e+03
4.758915295349481312e+03
4.764580633170035071e+03
4.770210571494282703e+03
4.775805398789138962e+03
4.781365400577311448e+03
4.786890859472490774e+03
4.792382055214076900e+03
4.797839264701446155e+03
4.803262762027780809e+03
4.808652818513445709e+03
4.814009702738926535e+03
4.819333680577346968e+03
4.824625015226548385e+03
4.829883967240758466e+03
4.835110794561839612e+03
4.840305752550131729e+03
4.845469094014887560e+03
4.850601069244318751e+03
4.855701926035237193e+03
4.860771909722317105e+03
4.865811263206977856e+03
4.870820226985876616e+03
4.875799039179044485e+03
4.880747935557648816e+03
4.885667149571387199e+03
4.890556912375541287e+03
4.895417452857660464e+03
4.900248997663909904e+03
4.905051771225072116e+03
4.909825995782211976e+03
4.914571891412006153e+03
4.919289676051746028e+03
4.923979565524016834e+03
4.928641773561053924e+03
4.933276511828787989e+03
4.937883989950577416e+03
4.942464415530625956e+03
4.947017994177122091e+03
4.951544929525042789e+03
4.956045423258700794e+03
4.960519675133971759e+03
4.964967883000257643e+03
4.969390242822150867e+03
4.973786948700829271e+03
4.978158192895171851e+03
4.982504165842614384e+03
4.986825056179716739e+03
4.991121050762491905e+03
4.995392334686451250e+03
4.999639091306413320e+03
5.003861502256050699e+03
5.008059747467184025e+03
5.012234005188839546e+03
5.016384452006056563e+03
5.020511262858460213e+03
5.024614611058595983e+03
5.028694668310033194e+03
5.032751604725238394e+03
5.036785588843224104e+03
5.040796787646968369e+03
5.044785366580626942e+03
5.048751489566510827e+03
5.052695319021865544e+03
5.056617015875436664e+03
5.060516739583811614e+03
5.064394648147583212e+03
5.068250898127280379e+03
5.072085644659128775e+03
5.075899041470590419e+03
5.079691240895722331e+03
5.083462393890337808e+03
5.087212650046982162e+03
5.090942157609722926e+03
5.094651063488749969e+03
5.098339513274797355e+03
5.102007651253390577e+03
5.105655620418911894e+03
5.109283562488492862e+03
5.112891617915737697e+03
5.116479925904269294e+03
5.120048624421126078e+03
5.123597850209966964e+03
5.127127738804143519e+03
5.130638424539585685e+03
5.134130040567547439e+03
5.137602718867188742e+03
5.141056590258001961e+03
5.144491784412093693e+03
5.147908429866307415e+03
5.151306654034206986e+03
5.154686583217909174e+03
5.158048342619773393e+03
5.161392056353953194e+03
5.164717847457799508e+03
5.168025837903132015e+03
5.171316148607381365e+03
5.174588899444576782e+03
5.177844209256221802e+03
5.181082195862028129e+03
5.184302976070522163e+03
5.187506665689525107e+03
5.190693379536510292e+03
5.193863231448826809e+03
5.197016334293817636e+03
5.200152799978799521e+03
5.203272739460932826e+03
5.206376262756974029e+03
5.209463478952909099e+03
5.212534496213479542e+03
5.215589421791580207e+03
5.218628362037565239e+03
5.221651422408431245e+03
5.224658707476893142e+03
5.227650320940358142e+03
5.230626365629793327e+03
5.233586943518480439e+03
5.236532155730679733e+03
5.239462102550187410e+03
5.242376883428788460e+03
5.245276596994619467e+03
5.248161341060425002e+03
5.251031212631724884e+03
5.253886307914882309e+03
5.256726722325079209e+03
5.259552550494200659e+03
5.262363886278622886e+03
5.265160822766921228e+03
5.267943452287476248e+03
5.270711866416001612e+03
5.273466155982981945e+03
5.276206411081025180e+03
5.278932721072132153e+03
5.281645174594877062e+03
5.284343859571513349e+03
5.287028863214995908e+03
5.289700272035918715e+03
5.292358171849379687e+03
5.295002647781762789e+03
5.297633784277444647e+03
