# f_ap
0.000000000000000000e+00
2.701164943061786644e-02
5.437037954390221833e-02
8.209824505626794888e-02
1.102165443063083256e-01
1.387457669977846253e-01
1.677055519813243634e-01
1.971146546347167516e-01
2.269909232990235393e-01
2.573512841480640190e-01
2.882117338113922567e-01
3.195873390341569253e-01
3.514922426393031762e-01
3.839396750562028560e-01
4.169419706925436286e-01
4.505105884507533687e-01
4.846561357239496104e-01
5.193883952471382015e-01
5.547163542250929114e-01
5.906482352071289466e-01
6.271915282293203386e-01
6.643530237952088857e-01
7.021388463156215121e-01
7.405544876760369322e-01
7.796048406452845692e-01
8.192942318818527969e-01
8.596264543333169694e-01
9.006047988603191889e-01
9.422320849489492778e-01
9.845106904044763629e-01
1.027442579945113899e+00
1.071029332637138731e+00
1.115272168132356079e+00
1.160171971685837855e+00
1.205729317946273360e+00
1.251944493523437174e+00
1.298817518347358257e+00
1.346348165842048417e+00
1.394535981943294312e+00
1.443380302995249886e+00
1.492880272564594879e+00
1.543034857213895217e+00
1.593842861277916301e+00
1.645302940687791038e+00
1.697413615888671012e+00
1.750173283896395926e+00
1.803580229538493507e+00
1.857632635923965658e+00
1.912328594185315422e+00
1.967666112535052081e+00
2.023643124677428684e+00
2.080257497614645512e+00
2.137507038885110511e+00
2.195389503269665532e+00
2.253902546822644570e+00
2.313043939729777954e+00
2.372811263317935015e+00
2.433202118919253198e+00
2.494214085894966182e+00
2.555844709536629011e+00
2.618091529124235706e+00
2.680952065449171862e+00
2.744423828041529845e+00
2.808504319670658500e+00
2.873191033096283764e+00
2.938481462514096254e+00
3.004373099954122051e+00
3.070863438858408845e+00
3.137949976010492303e+00
3.205630218340589366e+00
3.273901664486082996e+00
3.342761836122514207e+00
3.412208259506767316e+00
3.482238471593730011e+00
3.552850021124762669e+00
3.624040469610294579e+00
3.695807392214490505e+00
3.768148381001048541e+00
3.841061035894627551e+00
3.914542979853287807e+00
3.988591849794489441e+00
4.063205299486861044e+00
4.138380999986307707e+00
4.214116640016309034e+00
4.290409926767817517e+00
4.367258584124919629e+00
4.444660357336855938e+00
4.522613006427723015e+00
4.601114313589228288e+00
4.680162078925783398e+00
4.759754121640914271e+00
4.839888280105294704e+00
4.920562415540986834e+00
5.001774397540819095e+00
5.083522125708815231e+00
5.165803515276745195e+00
5.248616500635447935e+00
5.331959035276901737e+00
5.415829093388925486e+00
5.500224663128078006e+00
5.585143756437094709e+00
5.670584402353754605e+00
5.756544648528865160e+00
5.843022561097323653e+00
5.930016224541082792e+00
6.017523741544928306e+00
6.105543237235153242e+00
6.194072841538370788e+00
6.283110715139470948e+00
6.372655031974826301e+00
6.462703983380245987e+00
6.553255777918244540e+00
6.644308641202544941e+00
6.735860815720221773e+00
6.827910562263663330e+00
6.920456153327120496e+00
7.013495882520770053e+00
7.107028058014087435e+00
7.201051003939190842e+00
7.295563060206614381e+00
7.390562582321063445e+00
7.486047941197297106e+00
7.582017522976396862e+00
7.678469728842547859e+00
7.775402980243206308e+00
7.872815697172263150e+00
7.970706330179944565e+00
8.069073338807704943e+00
8.167915196737864036e+00
8.267230391616745777e+00
8.367017424879335863e+00
8.467274811575396853e+00
8.568001080197184649e+00
8.669194772508882707e+00
8.770854443377716692e+00
8.872978660606806400e+00
8.975566007340672670e+00
9.078615071651137569e+00
9.182124461703246254e+00
9.286092795409453871e+00
9.390518702810430440e+00
9.495400825919231735e+00
9.600737818567464998e+00
9.706528346253460171e+00
9.812771085992318731e+00
9.919464726168026658e+00
1.002660796638750718e+01
1.013419951733663993e+01
1.024223810063827855e+01
1.035072244871222047e+01
