# h
2.301592256850472189e-04
2.329981387255540147e-04
2.359525060415100669e-04
2.390219084088620357e-04
2.422057836228934109e-04
2.455034380626139041e-04
2.489140582740055033e-04
2.524367224485680170e-04
2.560704116873353245e-04
2.598140209550033877e-04
2.636663696435427367e-04
2.676262116792217064e-04
2.716922451209911318e-04
2.758631212113896647e-04
2.801374528533099369e-04
2.845138224969753315e-04
2.889907894312312509e-04
2.935668964817204430e-04
2.982406761257043242e-04
3.030106560392513393e-04
3.078753640973204246e-04
3.128333328510063513e-04
3.178831035089878178e-04
3.230232294521437819e-04
3.282522793114763058e-04
3.335688396400203416e-04
3.389715172094223488e-04
3.444589409614350864e-04
3.500297636437831018e-04
3.556826631587905910e-04
3.614163436518869326e-04
3.672295363656850518e-04
3.731210002838098350e-04
3.790895225870772787e-04
3.851339189430342570e-04
3.912530336482846144e-04
3.974457396414720527e-04
4.037109384032902364e-04
4.100475597584464895e-04
4.164545615931363820e-04
4.229309295002988507e-04
4.294756763636992233e-04
4.360878418907784327e-04
4.427664921031397409e-04
4.495107187926042380e-04
4.563196389498574393e-04
4.631923941719231488e-04
4.701281500539450137e-04
4.771260955700970009e-04
4.841854424478358966e-04
4.913054245391602686e-04
4.984852971920492992e-04
5.057243366248138916e-04
5.130218393056999249e-04
5.203771091096598194e-04
5.277895054073768362e-04
5.352583697710558332e-04
5.427830736328424690e-04
5.503630057107930604e-04
5.579975714518566098e-04
5.656861924885417392e-04
5.734283061096958180e-04
5.812233647456902094e-04
5.890708354682016971e-04
5.969701995046737932e-04
6.049209517674729959e-04
6.129226003976735379e-04
6.209746663233476748e-04
6.290766828321901023e-04
6.372281951582630223e-04
6.454287600826058785e-04
6.536779455474377339e-04
6.619753302836452451e-04
6.703205034512388881e-04
6.787130642924423061e-04
6.871526217970715241e-04
6.956387943798510122e-04
7.041712095693132556e-04
7.127495037079248060e-04
7.213733216630802657e-04
7.300423165486097810e-04
7.387561494564495214e-04
7.475144891981273321e-04
7.563170120557216039e-04
7.651634015419613759e-04
7.740533481691365576e-04
7.829865492265007058e-04
7.919627085658545408e-04
8.009815363950065171e-04
8.100427490788142436e-04
8.191460689475264876e-04
8.282912241121413765e-04
8.374779482865184199e-04
8.467059806159849033e-04
8.559750655121832735e-04
8.652849524939216445e-04
8.746353960337924748e-04
8.840261554103363969e-04
8.934569945655351179e-04
9.029276819674226205e-04
9.124379904776179929e-04
9.219876972235870050e-04
9.315765834754450832e-04
9.412044345271260420e-04
9.508710395817434246e-04
9.605761916409832337e-04
9.703196873983697566e-04
9.801013271362507464e-04
9.899209146263590609e-04
9.997782570338121979e-04
1.009673164824413877e-03
1.019605451675129407e-03
1.029574934387615139e-03
1.039581432804680258e-03
1.049624769729570100e-03
1.059704770847959537e-03
1.069821264652555826e-03
1.079974082370211818e-03
1.090163057891447608e-03
1.100388027702294555e-03
1.110648830818371886e-03
1.120945308721114355e-03
1.131277305296062496e-03
1.141644666773144329e-03
1.152047241668873942e-03
1.162484880730392783e-03
1.172957436881284484e-03
1.183464765169102732e-03
1.194006722714542352e-03
1.204583168662197662e-03
1.215193964132850642e-03
1.225838972177229272e-03
1.236518057731183151e-03
1.247231087572231271e-03
1.257977930277425372e-03
1.268758456182482236e-03
1.279572537342149163e-03
1.290420047491741247e-03
1.301300862009826609e-03
1.312214857882010137e-03
1.323161913665778233e-03
1.334141909456365745e-03
1.345154726853615154e-03
1.356200248929790740e-03
1.367278360198309530e-03
1.378388946583368252e-03
1.389531895390427006e-03
1.400707095277521717e-03
1.411914436227384301e-03
1.423153809520334148e-03
