# mu
-inf
3.320656200394562063e+01
3.472817143238486892e+01
3.562484740122876303e+01
3.626552558097287715e+01
3.676582945308263106e+01
3.717726317946535630e+01
3.752730258676614028e+01
3.783234991650792267e+01
3.810298633416040559e+01
3.834643778316723228e+01
3.856785928460454471e+01
3.877105804413911017e+01
3.895892612408424327e+01
3.913371231404227757e+01
3.929719997867083237e+01
3.945082739095344238e+01
3.959577152130368916e+01
3.973300784126354301e+01
3.986335393691243922e+01
3.998750192275711157e+01
4.010604293938956744e+01
4.021948594735358995e+01
4.032827234025770480e+01
4.043278744585095552e+01
4.053336967803086566e+01
4.063031789305979657e+01
4.072389735695668378e+01
4.081434462733478341e+01
4.090187157839865506e+01
4.098666874349594025e+01
4.106890810956188886e+01
4.114874546791959631e+01
4.122632240338352716e+01
4.130176798647934788e+01
4.137520022043489121e+01
4.144672728440572484e+01
4.151644860644277912e+01
4.158445579345180931e+01
4.165083344043741675e+01
4.171565983737255578e+01
4.177900758886262622e+01
4.184094415921405385e+01
4.190153235343952076e+01
4.196083074303658123e+01
4.201889404398611561e+01
4.207577345327092644e+01
4.213151694926644808e+01
4.218616956056627032e+01
4.223977360714698648e+01
4.229236891722408842e+01
4.234399302268653997e+01
4.239468133560461638e+01
4.244446730797326950e+01
4.249338257657031193e+01
4.254145709456707891e+01
4.258871925132304881e+01
4.263519598161826707e+01
4.268091286542480134e+01
4.272589421918689112e+01
4.277016317946514334e+01
4.281374177970134554e+01
4.285665102077420840e+01
4.289891093594145843e+01
4.294054065069798298e+01
4.298155843802211962e+01
4.302198176943215913e+01
4.306182736223010465e+01
4.310111122327128896e+01
4.313984868956326579e+01
4.317805446596739216e+01
4.321574266024889965e+01
4.325292681569750641e+01
4.328961994151913473e+01
4.332583454118013577e+01
4.336158263886836295e+01
4.339687580422043567e+01
4.343172517545055911e+01
4.346614148100430697e+01
4.350013505984964013e+01
4.353371588050762142e+01
4.356689355891629134e+01
4.359967737521340325e+01
4.363207628951598593e+01
4.366409895676878250e+01
4.369575374072704221e+01
4.372704872713430291e+01
4.375799173615054372e+01
4.378859033408178902e+01
4.381885184445839343e+01
4.384878335850510211e+01
4.387839174504321704e+01
4.390768365986157562e+01
4.393666555459077472e+01
4.396534368511203184e+01
4.399372411953018513e+01
4.402181274573783298e+01
4.404961527859588699e+01
4.407713726675388699e+01
4.410438409913180635e+01
4.413136101108361942e+01
4.415807309026126148e+01
4.418452528219675912e+01
4.421072239561856065e+01
4.423666910751751402e+01
4.426236996797659629e+01
4.428782940477764640e+01
4.431305172779754287e+01
4.433804113320542939e+01
4.436280170747183149e+01
4.438733743119976083e+01
4.441165218278743509e+01
4.443574974193148108e+01
4.445963379297900531e+01
4.448330792813638368e+01
4.450677565054220963e+01
4.453004037721125030e+01
4.455310544185603305e+01
4.457597409759210194e+01
4.459864951953288426e+01
4.462113480727941806e+01
4.464343298731016318e+01
4.466554701527584825e+01
4.468747977820365236e+01
4.470923409661534720e+01
4.473081272656315832e+01
4.475221836158743827e+01
4.477345363459966165e+01
4.479452111969415995e+01
4.481542333389197807e+01
4.483616273881973058e+01
4.485674174232659794e+01
4.487716270004200680e+01
4.489742791687680779e+01
4.491753964847023894e+01
4.493750010258523986e+01
4.495731144045414851e+01
4.497697577807705471e+01
4.499649518747470012e+01
4.501587169789800669e+01
4.503510729699581816e+01
4.505420393194283690e+01
4.507316351052924119e+01
4.509198790221352482e+01
4.511067893936670714e+01
4.512923841757611854e+01
4.514766809727545649e+01
4.516596970444224723e+01
4.518414493148603128e+01
4.520219543810993912e+01
4.522012285214471206e+01
4.523792877035607773e+01
4.525561475922663845e+01
4.527318235571314631e+01
4.529063306798020250e+01
4.530796837611107719e+01
4.532518973279681518e+01
4.534229856400406078e+01
4.535929626962268912e+01
4.537618422409386199e+01
4.539296377701913343e+01
4.540963625375154322e+01
4.542620295596897506e+01
4.544266516223085262e+01
4.545902412851832963e+01
4.547528108875887654e+01
4.549143725533565430e+01
4.550749381958226536e+01
4.552345195226330077e+01
4.553931280404134441e+01
4.555507750593062610e+01
4.557074716973814077e+01
4.558632288849224778e+01
4.560180573685954641e+01
4.561719677155011254e+01
4.563249703171173621e+01
4.564770753931328073e+01
4.566282929951775316e+01
4.567786330104524950e+01
4.569281051652616554e+01
4.570767190284500714e+01
4.572244840147506295e+01
4.573714093880425935e+01
4.575175042645239643e+01
4.576627776158025540e+01
4.578072382719049926e+01
4.579508949242090665e+01
4.580937561283008108e+01
4.582358303067577054e+01
4.583771257518620246e+01
4.585176506282454056e+01
4.586574129754659168e+01
4.587964207105221703e+01
4.589346816303033449e+01
4.590722034139795227e+01
4.592089936253326243e+01
4.593450597150301462e+01
4.594804090228432614e+01
4.596150487798117013e+01
4.597489861103554176e+01
4.598822280343360092e+01
4.600147814690686943e+01
4.601466532312861801e+01
4.602778500390559202e+01
4.604083785136528206e+01
4.605382451813866851e+01
4.606674564753882350e+01
4.607960187373526395e+01
4.609239382192433965e+01
4.610512210849560688e+01
4.611778734119448586e+01
4.613039011928110256e+01
4.614293103368561333e+01
4.615541066715991292e+01
4.616782959442601708e+01
4.618018838232107726e+01
4.619248758993913384e+01
4.620472776876975729e+01
4.621690946283358414e+01
4.622903320881489719e+01
4.624109953619129953e+01
4.625310896736049671e+01
4.626506201776441429e+01
4.627695919601053021e+01
4.628880100399067032e+01
4.630058793699719644e+01
4.631232048383674282e+01
4.632399912694151567e+01
4.633562434247823347e+01
4.634719660045477951e+01
4.635871636482458769e+01
4.637018409358887538e+01
4.638160023889666661e+01
4.639296524714289660e+01
4.640427955906429247e+01
4.641554360983340644e+01
4.642675782915068794e+01
4.643792264133466574e+01
4.644903846541028969e+01
4.646010571519551036e+01
4.647112479938606100e+01
4.648209612163859106e+01
4.649302008065207303e+01
4.650389707024766039e+01
4.651472747944686859e+01
4.652551169254828523e+01
4.653625008920272421e+01
4.654694304448692321e+01
4.655759092897574902e+01
4.656819410881310262e+01
4.657875294578131786e+01
4.658926779736930257e+01
4.659973901683937214e+01
4.661016695329268344e+01
4.662055195173358868e+01
4.663089435313263920e+01
4.664119449448840271e+01
4.665145270888818629e+01
4.666166932556750879e+01
4.667184466996856429e+01
4.668197906379749895e+01
4.669207282508067181e+01
4.670212626821984259e+01
4.671213970404636484e+01
4.672211343987436294e+01
4.673204777955294276e+01
4.674194302351739339e+01
4.675179946883956461e+01
4.676161740927717858e+01
4.677139713532241672e+01
4.678113893424945502e+01
4.679084309016130305e+01
4.680050988403567658e+01
4.681013959377014544e+01
4.681973249422638617e+01
4.682928885727373114e+01
4.683880895183192195e+01
4.684829304391305982e+01
4.685774139666290239e+01
4.686715427040134330e+01
4.687653192266230917e+01
4.688587460823279685e+01
4.689518257919139899e+01
4.690445608494607654e+01
4.691369537227126330e+01
4.692290068534438774e+01
4.693207226578174129e+01
4.694121035267376385e+01
4.695031518261965431e+01
4.695938698976151215e+01
4.696842600581778271e+01
4.697743246011621920e+01
4.698640657962626221e+01
4.699534858899087197e+01
4.700425871055787042e+01
4.701313716441069346e+01
4.702198416839868855e+01
4.703079993816690063e+01
4.703958468718536068e+01
4.704833862677789114e+01
4.705706196615044234e+01
4.706575491241896714e+01
4.707441767063687621e+01
4.708305044382197480e+01
4.709165343298302275e+01
4.710022683714583991e+01
4.710877085337905612e+01
4.711728567681931423e+01
4.712577150069621723e+01
4.713422851635677091e+01
4.714265691328953523e+01
4.715105687914827115e+01
4.715942859977534596e+01
4.716777225922467665e+01
4.717608803978436072e+01
4.718437612199892328e+01
4.719263668469125861e+01
4.720086990498418800e+01
4.720907595832170500e+01
4.721725501848987960e+01
4.722540725763749236e+01
4.723353284629624937e+01
4.724163195340081245e+01
4.724970474630839590e+01
4.725775139081819276e+01
4.726577205119039604e+01
4.727376689016501388e+01
4.728173606898032233e+01
4.728967974739116187e+01
4.729759808368677909e+01
4.730549123470862583e+01
4.731335935586764663e+01
4.732120260116154498e+01
4.732902112319161603e+01
4.733681507317943726e+01
4.734458460098323940e+01
4.735232985511412096e+01
4.736005098275191472e+01
4.736774812976094040e+01
4.737542144070543060e+01
4.738307105886481452e+01
4.739069712624868203e+01
4.739829978361167662e+01
4.740587917046796917e+01
4.741343542510574594e+01
4.742096868460131986e+01
4.742847908483313546e+01
4.743596676049553906e+01
4.744343184511232181e+01
4.745087447105016309e+01
4.745829476953177561e+01
4.746569287064895093e+01
4.747306890337536345e+01
4.748042299557923229e+01
4.748775527403578423e+01
4.749506586443954603e+01
4.750235489141648770e+01
4.750962247853597376e+01
4.751686874832252272e+01
4.752409382226750978e+01
4.753129782084054256e+01
4.753848086350085822e+01
4.754564306870842216e+01
4.755278455393496273e+01
4.755990543567481410e+01
4.756700582945562417e+01
4.757408584984892741e+01
4.758114561048054014e+01
4.758818522404087759e+01
4.759520480229505779e+01
4.760220445609292739e+01
4.760918429537892393e+01
4.761614442920182455e+01
4.762308496572433114e+01
4.763000601223259878e+01
4.763690767514553670e+01
4.764379006002410932e+01
4.765065327158036723e+01
4.765749741368650660e+01
4.766432258938370126e+01
4.767112890089087784e+01
4.767791644961339159e+01
4.768468533615147464e+01
4.769143566030873416e+01
4.769816752110045144e+01
4.770488101676173187e+01
4.771157624475570458e+01
4.771825330178138813e+01
4.772491228378169126e+01
4.773155328595117197e+01
4.773817640274370433e+01
4.774478172788009545e+01
4.775136935435558883e+01
4.775793937444724691e+01
4.776449187972126964e+01
4.777102696104023494e+01
4.777754470857018987e+01
4.778404521178769215e+01
4.779052855948678769e+01
4.779699483978586727e+01
4.780344414013440257e+01
