# rs_dv
inf
3.388441415874626106e+00
1.699378543023121857e+00
1.136397025146096640e+00
8.549356845546819406e-01
6.860822811847853142e-01
5.735327313968437979e-01
4.931567106615145635e-01
4.328890542308860279e-01
3.860268906952114554e-01
3.485484954051371043e-01
3.178945874812715844e-01
2.923589783183624946e-01
2.707604592407344968e-01
2.522553087332760069e-01
2.362247967793102976e-01
2.222048750710192977e-01
2.098406824389656977e-01
1.988562151376735976e-01
1.890335749349949523e-01
1.801984427738979322e-01
1.722097028158355303e-01
1.649518962897083552e-01
1.583296439012170098e-01
1.522634626391345114e-01
1.466865865473443442e-01
1.415425211641535841e-01
1.367831414188353800e-01
1.323671971210826914e-01
1.282591276588711249e-01
1.244281137560965395e-01
1.208473127603563735e-01
1.174932373136546027e-01
1.143452469914697789e-01
1.113851296519944717e-01
1.085967545535132250e-01
1.059657832850065956e-01
1.034794275723468493e-01
1.011262453251133148e-01
9.889596806032970033e-02
9.677935421217029321e-02
9.476806390808252545e-02
9.285455163359926378e-02
9.103197387373310190e-02
8.929410934832344993e-02
8.763528988228390382e-02
8.605034029240256344e-02
8.453452594781339646e-02
8.308350688506839499e-02
8.169329754144741274e-02
8.036023131996010427e-02
7.908092932287437427e-02
7.785227269263179928e-02
7.667137808370973195e-02
7.553557585957494658e-02
7.444239066790653281e-02
7.338952409681134825e-02
7.237483915647940913e-02
7.139634636597459727e-02
7.045219125472755584e-02
6.954064311368948759e-02
6.866008485274968653e-02
6.780900383952241650e-02
6.698598361046875782e-02
6.618969635894747516e-02
6.541889611653196879e-02
6.467241255407067679e-02
6.394914533774730125e-02
6.324805898301365248e-02
6.256817815589182930e-02
6.190858337691348967e-02
6.126840708800466301e-02
6.064683004703422947e-02
6.004307801861082095e-02
5.945641873310877207e-02
5.888615908889265060e-02
5.833164257534445563e-02
5.779224689662418313e-02
5.726738177815285380e-02
5.675648693963101371e-02
5.625903022002390341e-02
5.577450584138368694e-02
5.530243279966001041e-02
5.484235337179124703e-02
5.439383172939007277e-02
5.395645265024650444e-02
5.352982031969030774e-02
5.311355721458355800e-02
5.270730306337433752e-02
5.231071387622989594e-02
5.192346103980185340e-02
5.154523047165296412e-02
5.117572182980802131e-02
5.081464777328154048e-02
5.046173326978771467e-02
5.011671494715749103e-02
4.977934048527742072e-02
4.944936804562721777e-02
4.912656573573194463e-02
4.881071110606123586e-02
4.850159067710529959e-02
4.819899949453770177e-02
4.790274071053797489e-02
4.761262518949759687e-02
4.732847113646890258e-02
4.705010374684141794e-02
4.677735487584494534e-02
4.651006272658299301e-02
4.624807155539590459e-02
4.599123139344193228e-02
4.573939778346451657e-02
4.549243153078873919e-02
4.525019846765818837e-02
4.501256923008638278e-02
4.477941904645467430e-02
4.455062753714224277e-02
4.432607852452279118e-02
4.410565985270794437e-02
4.388926321645977846e-02
4.367678399873334977e-02
4.346812111634594522e-02
4.326317687330342304e-02
4.306185682134455045e-02
4.286406962729247261e-02
4.266972694682986955e-02
4.247874330433755452e-02
4.229103597846042839e-02
4.210652489308494562e-02
4.192513251343241154e-02
4.174678374699073574e-02
4.157140584902388469e-02
4.139892833241505532e-02
4.122928288161337856e-02
4.106240327046856153e-02
4.089822528375024885e-02
4.073668664216135299e-02
4.057772693066515751e-02
4.042128752995752250e-02
4.026731155092407727e-02
4.011574377193252022e-02
3.996653057881823651e-02
3.981961990742927809e-02
3.967496118860499438e-02
3.953250529546870756e-02
3.939220417557198761e-02
3.925401207247301849e-02
3.911788357345363787e-02
3.898377483617740391e-02
3.885164322804204873e-02
3.872144728519979345e-02
3.859314667322218811e-02
3.846670214933328724e-02
3.834207552613869141e-02
3.821922963678239804e-02
3.809812830146608320e-02
3.797873625372315959e-02
3.786101927569165970e-02
3.774494391901263984e-02
3.763047764247449273e-02
3.751758874291100110e-02
3.740624632870798161e-02
3.729642029430151745e-02
3.718808129562541087e-02
3.708120072646683973e-02
3.697575069569142975e-02
3.687170400530082742e-02
3.676903412928751724e-02
3.666771519325368739e-02
3.656772195476190590e-02
3.646902977132308182e-02
3.637161463438654679e-02
3.627545307330190538e-02
3.618052219058747604e-02
3.608679963244123406e-02
3.599426357289332162e-02
3.590289269850546749e-02
3.581266619359549375e-02
3.572356372596616203e-02
3.563556543311852121e-02
3.554865190893071597e-02
3.546280419078395862e-02
3.537800374711858736e-02
3.529423246540353692e-02
3.521147264050312337e-02
3.512970696342650190e-02
3.504891851044460160e-02
3.496909069582820190e-02
3.489020740861005498e-02
3.481225278227168679e-02
3.473521133218564899e-02
3.465906790962369755e-02
3.458380769280906819e-02
3.450941617825115104e-02
3.443587917235184370e-02
3.436318278327395864e-02
3.429131341306237979e-02
3.422025775000869102e-02
3.415000276125048501e-02
3.408053568559748364e-02
3.401184402657592837e-02
3.394391554568387814e-02
3.387673825584992804e-02
3.381030041508837486e-02
3.374459052034377293e-02
3.367959730151864894e-02
3.361530971567791570e-02
3.355171692688641016e-02
3.348880835890540031e-02
3.342657360264755795e-02
3.336500246919955198e-02
3.330408497028014558e-02
3.324381131338598888e-02
3.318417189707664056e-02
3.312515730639385703e-02
3.306675830841096508e-02
3.300896584790804361e-02
3.295177104316870942e-02
3.289516518189460753e-02
3.283913971723378261e-02
3.278368626391945512e-02
3.272879659451523315e-02
3.267446263576385956e-02
3.262067646503583052e-02
3.256743030687498514e-02
3.251471652963783265e-02
3.246252763968770355e-02
3.241085628868124735e-02
3.235969525429158167e-02
3.230903744829495550e-02
3.225887591078478722e-02
3.220920380731561589e-02
3.216001442075420991e-02
3.211130117004668688e-02
3.206305757536604545e-02
3.201527727702290632e-02
3.196795402759338572e-02
3.192108168948203095e-02
3.187465423254724067e-02
3.182866573178756014e-02
3.178311036508701254e-02
3.173798241101764145e-02
3.169327624669768251e-02
3.164898634570364327e-02
3.160510727603492442e-02
3.156163369812910874e-02
3.151856036292684932e-02
3.147588209446756241e-02
3.143359385012252372e-02
3.139169062568099994e-02
3.135016751568341087e-02
3.130901969619034886e-02
3.126824242311555119e-02
3.122783103059933313e-02
3.118778092942127780e-02
3.114808760545101363e-02
3.110874661813608708e-02
3.106975359902610506e-02
3.103110425033168973e-02
3.099279434351775303e-02
3.095481971792982470e-02
3.091717627945281960e-02
3.087985999920103350e-02
3.084286691223885046e-02
3.080619311000773811e-02
3.076983476440093082e-02
3.073378808862485545e-02
3.069804936133346124e-02
3.066261491916439166e-02
3.062748115562653750e-02
3.059264452001292031e-02
3.055810151633821595e-02
3.052384870230013397e-02
3.048988268826436157e-02
3.045620013627205538e-02
3.042279775906973557e-02
3.038967231916048575e-02
3.035682062787643798e-02
3.032423954447166503e-02
3.029192597523504976e-02
3.025987687262257989e-02
3.022808923440871084e-02
3.019656010285620695e-02
3.016528656390390917e-02
3.013426573194644825e-02
3.010349480676398695e-02
3.007297098619455405e-02
3.004269152310499666e-02
3.001265371023265419e-02
2.998285487947222050e-02
2.995329240117794098e-02
2.992396368348036739e-02
2.989486617161766016e-02
2.986599734728084474e-02
2.983735472797275842e-02
2.980893586638047946e-02
2.978073834976061041e-02
2.975275979933751300e-02
2.972499786971378316e-02
2.969745024829301139e-02
2.967011465471424900e-02
2.964298884029816644e-02
2.961607058750442140e-02
2.958935770940001805e-02
2.956284804913862294e-02
2.953653947945008434e-02
2.951042990214054057e-02
2.948451724296270032e-02
2.945879946969534938e-02
2.943327456383138321e-02
2.940794053867862995e-02
2.938279543426685486e-02
2.935783731690448303e-02
2.933306427874418643e-02
2.930847443735684968e-02
2.928406593531395624e-02
2.925983693977806527e-02
2.923578564210127170e-02
2.921191025743149344e-02
2.918820902432622474e-02
2.916468020437390160e-02
2.914132208182247316e-02
2.911813296321495020e-02
2.909511117703217700e-02
2.907225507334211534e-02
2.904956302345603966e-02
2.902703341959100500e-02
2.900466467453882702e-02
2.898245522134124466e-02
2.896040351297119592e-02
2.893850802201995698e-02
2.891676724039021762e-02
2.889517967899482564e-02
2.887374386746106511e-02
2.885245834047457658e-02
2.883132169096096556e-02
2.881033248960195373e-02
2.878948933803329030e-02
2.876879085520636301e-02
2.874823567712363886e-02
2.872782245657873323e-02
2.870754986290144015e-02
2.868741658170710640e-02
2.866742131465070328e-02
2.864756277918519695e-02
2.862783970832431454e-02
2.860825085040945986e-02
2.858879496888087207e-02
2.856947084205276044e-02
2.855027726289247753e-02
2.853121303880354342e-02
2.851227699141247601e-02
2.849346795635948615e-02
2.847478478309256600e-02
2.845622633466550824e-02
2.843779148753915881e-02
2.841947913138625700e-02
2.840128816889959940e-02
2.838321751560357944e-02
2.836526609966884618e-02
2.834743286173030050e-02
2.832971675470802655e-02
2.831211674363145678e-02
2.829463180546640949e-02
2.827726092894507215e-02
2.826000311439893012e-02
2.824285736820186798e-02
2.822582272417996363e-02
2.820889821109414525e-02
2.819208287405742044e-02
2.817537576898773016e-02
2.815877596245688549e-02
2.814228253154220025e-02
2.812589456368032315e-02
2.810961115652374498e-02
2.809343141779944292e-02
2.807735446517004366e-02
2.806137942609710986e-02
2.804550543770674073e-02
2.802973164665735484e-02
2.801405720900959975e-02
2.799848129009839190e-02
2.798300306440703808e-02
2.796762171544332418e-02
2.795233643561767858e-02
2.793714642612328547e-02
2.792205089681802990e-02
2.790704906610843791e-02
2.789214016083537209e-02
2.787732341616161458e-02
2.786259807546122638e-02
2.784796339021057554e-02
2.783341861988120405e-02
2.781896303183429078e-02
2.780459590121678315e-02
2.779031651085918722e-02
2.777612415117494682e-02
2.776201812006136305e-02
2.774799772280206467e-02
2.773406227197099810e-02
2.772021108733791969e-02
2.770644349577527574e-02
