# z
0.000000000000000000e+00
2.684563758389261687e-02
5.369127516778523374e-02
8.053691275167784713e-02
1.073825503355704675e-01
1.342281879194630878e-01
1.610738255033556943e-01
1.879194630872483285e-01
2.147651006711409349e-01
2.416107382550335414e-01
2.684563758389261756e-01
2.953020134228188098e-01
3.221476510067113885e-01
3.489932885906040227e-01
3.758389261744966570e-01
4.026845637583892357e-01
4.295302013422818699e-01
4.563758389261745041e-01
4.832214765100670828e-01
5.100671140939597725e-01
5.369127516778523512e-01
5.637583892617449299e-01
5.906040268456376197e-01
6.174496644295301984e-01
6.442953020134227771e-01
6.711409395973154668e-01
6.979865771812080455e-01
7.248322147651006242e-01
7.516778523489933139e-01
7.785234899328858926e-01
8.053691275167784713e-01
8.322147651006711611e-01
8.590604026845637398e-01
8.859060402684563185e-01
9.127516778523490082e-01
9.395973154362415869e-01
9.664429530201341656e-01
9.932885906040268553e-01
1.020134228187919545e+00
1.046979865771812124e+00
1.073825503355704702e+00
1.100671140939597281e+00
1.127516778523489860e+00
1.154362416107382439e+00
1.181208053691275239e+00
1.208053691275167818e+00
1.234899328859060397e+00
1.261744966442952975e+00
1.288590604026845554e+00
1.315436241610738133e+00
1.342281879194630934e+00
1.369127516778523512e+00
1.395973154362416091e+00
1.422818791946308670e+00
1.449664429530201248e+00
1.476510067114093827e+00
1.503355704697986628e+00
1.530201342281879207e+00
1.557046979865771785e+00
1.583892617449664364e+00
1.610738255033556943e+00
1.637583892617449521e+00
1.664429530201342322e+00
1.691275167785234901e+00
1.718120805369127480e+00
1.744966442953020058e+00
1.771812080536912637e+00
1.798657718120805438e+00
1.825503355704698016e+00
1.852348993288590595e+00
1.879194630872483174e+00
1.906040268456375752e+00
1.932885906040268331e+00
1.959731543624161132e+00
1.986577181208053711e+00
2.013422818791946067e+00
2.040268456375839090e+00
2.067114093959731669e+00
2.093959731543624248e+00
2.120805369127516826e+00
2.147651006711409405e+00
2.174496644295301984e+00
2.201342281879194562e+00
2.228187919463087141e+00
2.255033557046979720e+00
2.281879194630872298e+00
2.308724832214764877e+00
2.335570469798657456e+00
2.362416107382550479e+00
2.389261744966443057e+00
2.416107382550335636e+00
2.442953020134228215e+00
2.469798657718120793e+00
2.496644295302013372e+00
2.523489932885905951e+00
2.550335570469798530e+00
2.577181208053691108e+00
2.604026845637583687e+00
2.630872483221476266e+00
2.657718120805369288e+00
2.684563758389261867e+00
2.711409395973154446e+00
2.738255033557047025e+00
2.765100671140939603e+00
2.791946308724832182e+00
2.818791946308724761e+00
2.845637583892617339e+00
2.872483221476509918e+00
2.899328859060402497e+00
2.926174496644295075e+00
2.953020134228187654e+00
2.979865771812080677e+00
3.006711409395973256e+00
3.033557046979865834e+00
3.060402684563758413e+00
3.087248322147650992e+00
3.114093959731543571e+00
3.140939597315436149e+00
3.167785234899328728e+00
3.194630872483221307e+00
3.221476510067113885e+00
3.248322147651006464e+00
3.275167785234899043e+00
3.302013422818792066e+00
3.328859060402684644e+00
3.355704697986577223e+00
3.382550335570469802e+00
3.409395973154362380e+00
3.436241610738254959e+00
3.463087248322147538e+00
3.489932885906040116e+00
3.516778523489932695e+00
3.543624161073825274e+00
3.570469798657717853e+00
3.597315436241610875e+00
3.624161073825503454e+00
3.651006711409396033e+00
3.677852348993288611e+00
3.704697986577181190e+00
3.731543624161073769e+00
3.758389261744966348e+00
3.785234899328858926e+00
3.812080536912751505e+00
3.838926174496644084e+00
3.865771812080536662e+00
3.892617449664429241e+00
3.919463087248322264e+00
3.946308724832214843e+00
3.973154362416107421e+00
4.000000000000000000e+00
